ROI: mrcA
Phase: 7
Total nodes checked: 1852842
Total variants found: 410338
0 A 4
0 C 1
0 T 1
0 N 832
1 C 1
1 G 1
1 N 5825
2 A 2
2 T 3
2 N 2506
3 G 2
3 N 1147
4 G 1
4 N 6002
5 A 19
5 T 6
5 N 845
6 C 2
6 N 2536
7 A 18
7 T 2
7 N 1306
8 A 2
8 C 2
8 N 2115
9 A 2
9 C 1
9 N 1952
10 A 30
10 G 2
10 T 4
10 N 2252
11 A 7
11 C 3
11 T 5
11 N 4359
12 A 6
12 G 1
12 T 1
12 N 13515
13 C 3
13 G 1
13 N 3969
14 A 5
14 T 3
14 N 3661
15 A 1
15 C 1
15 T 3
15 N 3077
16 G 5
16 N 11200
17 A 3
17 T 6
17 N 2841
18 C 3
18 G 2
18 N 3835
19 A 17
19 G 3
19 T 3
19 N 4167
20 A 4
20 C 6
20 T 1
20 N 3641
21 G 2
21 T 3
21 N 7588
22 A 3
22 C 4
22 N 4439
23 A 37
23 T 8
23 N 3588
24 C 4
24 N 2572
25 G 2
25 T 4
25 N 3077
26 A 3
26 C 6
26 G 1
26 N 3053
27 A 22
27 T 3
27 N 2557
28 A 24
28 G 4
28 T 5
28 N 3572
29 A 13
29 C 10
29 T 1
29 N 7549
30 A 29
30 G 6
30 T 2
30 N 3643
31 C 4
31 N 3503
32 N 3164
33 N 3735
34 C 6
34 N 15933
35 A 21
35 G 5
35 N 1190
36 A 1
36 C 4
36 N 4739
37 A 2
37 T 5
37 N 3917
38 G 9
38 N 21868
39 C 5
39 T 4
39 N 3221
40 A 27
40 G 4
40 T 2
40 N 3093
41 A 18
41 G 5
41 N 3667
42 A 7
42 C 4
42 T 8
42 N 2135
43 G 4
43 N 4890
44 A 5
44 N 2301
45 T 9
45 N 2841
46 A 4
46 G 5
46 N 2778
47 A 2
47 T 4
47 N 3446
48 C 5
48 N 3408
49 A 27
49 G 9
49 T 1
49 N 3933
50 A 3
50 C 9
50 T 1
50 N 2977
51 A 25
51 G 4
51 T 7
51 N 4650
52 C 4
52 G 5
52 N 2298
53 A 3
53 T 7
53 N 3239
54 A 1
54 C 1
54 T 5
54 N 3531
55 C 4
55 G 4
55 N 17910
56 A 19
56 G 4
56 T 4
56 N 2184
57 A 4
57 C 4
57 T 1
57 N 3454
58 A 5
58 T 5
58 N 2900
59 G 8
59 N 29597
60 A 1
60 T 5
60 N 5055
61 A 2
61 C 4
61 N 3022
62 A 2
62 G 4
62 T 4
62 N 6701
63 C 4
63 N 4651
64 N 4572
65 C 2
65 G 4
65 N 5155
66 A 4
66 T 4
66 N 2402
67 G 4
67 T 4
67 N 4479
68 A 4
68 G 1
68 N 2713
69 G 2
69 N 2585
70 C 3
70 N 3800
71 A 12
71 G 1
71 T 4
71 N 3125
72 C 4
72 N 3210
73 G 2
73 T 1
73 N 3588
74 A 4
74 C 1
74 N 3152
75 A 11
75 T 6
75 N 2509
76 C 4
76 G 3
76 N 2770
77 A 5
77 N 7572
78 G 4
78 N 3524
79 A 5
79 C 1
79 N 2603
80 A 17
80 G 3
80 N 3526
81 C 3
81 N 4345
82 G 1
82 N 4985
83 A 2
83 T 1
83 N 1998
84 G 2
84 N 7143
85 N 2694
86 A 1
86 N 2877
87 T 2
87 N 3029
88 C 1
88 G 1
88 T 1
88 N 3903
89 A 10
89 N 3284
90 A 19
90 T 7
90 N 3438
0 -40 1
0 -30 1
0 -28 6
0 -3 2
0 -2 1
0 -1 24
1 -3 1
1 -2 3
1 -1 10
2 -3 1
2 -2 2
2 -1 2
3 -6 2
3 -2 5
3 2 1
4 -3 2
4 -2 10
4 -1 33
5 -5 1
5 -3 1
5 -2 6
5 -1 34
5 1 3
6 -2 1
6 -1 4
7 -18 2
7 -2 4
7 -1 3
7 1 3
8 -1 2
8 1 2
9 -3 2
9 -2 2
9 -1 12
10 -6 1
10 -5 1
10 -2 2
10 -1 8
10 1 1
11 -7 1
11 -2 2
11 -1 8
12 -3 2
12 -2 4
12 -1 3
12 1 1
13 -1 2
13 1 4
14 -2 1
14 1 2
15 -4 1
15 -3 1
15 -2 2
15 -1 10
16 -6 1
16 -5 1
16 -2 1
16 -1 10
16 1 4
17 -5 1
17 -3 1
17 -2 1
17 -1 7
17 1 3
18 -9 1
18 -4 2
18 -3 1
18 -1 6
18 1 2
19 -2 5
19 -1 4
19 1 2
20 -6 1
20 -2 1
20 -1 3
20 1 6
21 -1 4
22 -3 4
22 -2 3
22 -1 29
23 -4 1
23 -1 4
24 -4 1
24 1 3
25 -6 1
25 -3 1
25 -2 8
25 -1 48
26 -11 1
26 -7 2
26 -4 1
26 -2 7
26 -1 51
27 -5 1
27 -2 1
27 1 2
28 -5 1
28 -3 2
28 -2 2
28 -1 10
29 -2 2
29 1 6
30 -3 2
30 -2 2
30 -1 6
31 1 2
32 -3 1
33 -3 1
33 -2 1
34 -3 1
34 -2 3
34 -1 61
35 -3 3
35 -2 3
35 -1 18
35 1 2
36 -2 1
36 1 1
37 -6 1
37 -3 2
37 -1 12
38 -3 1
38 -2 4
38 -1 2
38 1 1
39 -5 1
39 -2 1
39 -1 1
39 1 2
40 1 1
41 -2 2
41 -1 12
42 -1 1
42 1 4
43 -2 1
43 1 1
43 2 1
44 -5 1
44 -4 1
44 -2 2
44 -1 13
45 -2 1
45 -1 3
45 1 3
46 -5 2
46 -3 2
46 -2 3
46 -1 22
47 -4 1
47 -2 2
47 1 1
48 -4 3
48 -3 1
48 -2 1
48 -1 9
49 -5 1
49 -1 6
50 -25 1
50 -2 1
50 -1 2
50 1 3
51 -2 1
51 -1 6
52 -10 1
52 1 1
53 1 5
54 -1 10
55 -3 2
55 -2 1
55 -1 3
55 1 1
56 -4 4
56 -1 3
56 1 2
57 -1 1
58 -4 1
58 -1 8
58 2 1
59 -3 2
59 -2 1
59 -1 3
59 1 2
60 -2 1
60 1 1
61 -4 1
61 -2 3
61 -1 15
62 -10 1
62 -6 1
62 -4 2
62 -1 5
62 1 1
64 -2 1
65 -1 16
66 -3 1
66 -2 1
66 -1 4
66 1 2
67 -2 1
67 -1 9
67 1 1
68 -3 1
68 1 2
69 -3 2
70 -2 3
70 -1 33
71 -3 1
71 -2 1
71 -1 6
71 1 4
72 1 2
73 -6 1
73 -2 2
73 -1 29
74 -3 1
74 -2 4
74 -1 32
74 1 3
75 -3 2
75 -1 3
75 1 1
76 -4 1
76 -1 5
76 1 6
77 -3 3
77 -2 2
77 -1 24
78 -5 1
78 -2 2
78 -1 6
78 1 1
79 -2 4
79 -1 20
80 -5 1
80 -1 8
80 1 1
82 -2 2
82 -1 30
83 -5 1
83 -4 1
83 -3 1
83 -1 37
83 1 2
84 -4 1
85 -2 1
86 -1 16
87 -3 1
87 -2 1
87 1 3
88 -2 2
88 -1 37
89 1 2
90 -1 27
91 1 1
