ROI: mrcA
Phase: 3
Total nodes checked: 1452404
Total variants found: 474376
0 A 2
0 C 1
0 T 1
0 N 678
1 A 1
1 C 1
1 N 2474
2 N 1495
3 N 891
4 N 2069
5 A 15
5 T 2
5 N 985
6 A 1
6 C 1
6 N 1191
7 A 16
7 T 4
7 N 1042
8 C 1
8 N 1819
9 A 4
9 N 1365
10 A 25
10 G 2
10 T 3
10 N 1191
11 A 4
11 C 1
11 N 1225
12 A 6
12 G 1
12 T 3
12 N 1236
13 C 1
13 N 3003
14 A 1
14 T 2
14 N 2094
15 A 5
15 T 2
15 N 4487
16 G 2
16 N 12459
17 A 2
17 T 2
17 N 3852
18 C 1
18 G 1
18 N 3953
19 A 6
19 G 1
19 T 2
19 N 4311
20 A 1
20 C 3
20 N 4327
21 G 1
21 T 1
21 N 5074
22 A 1
22 C 2
22 N 1020
23 A 13
23 N 6308
24 N 4855
25 T 1
25 N 4878
26 C 2
26 N 9679
27 A 20
27 T 2
27 N 4920
28 A 14
28 G 1
28 T 5
28 N 5704
29 A 10
29 C 1
29 N 14783
30 A 20
30 T 1
30 N 5675
31 N 4362
32 N 2606
33 N 3957
34 C 1
34 N 6925
35 A 12
35 G 1
35 T 4
35 N 4094
36 A 1
36 N 5872
37 A 1
37 T 1
37 N 4304
38 G 1
38 N 8765
39 A 3
39 C 1
39 T 1
39 N 5194
40 A 24
40 T 3
40 N 4498
41 A 8
41 G 1
41 N 4420
42 A 7
42 C 1
42 T 1
42 N 5291
43 G 1
43 N 7309
44 N 5056
45 G 1
45 T 2
45 N 2590
46 A 1
46 N 5669
47 T 1
47 N 5074
48 T 1
48 N 5444
49 A 18
49 G 1
49 T 4
49 N 2570
50 C 1
50 N 3772
51 A 11
51 G 1
51 T 1
51 N 5206
52 C 2
52 N 5152
53 A 2
53 T 1
53 N 5203
54 N 5557
55 C 1
55 G 1
55 N 5686
56 A 24
56 T 3
56 N 28124
57 A 9
57 C 1
57 N 5486
58 A 1
58 N 5281
59 G 1
59 N 21066
60 A 1
60 T 2
60 N 5257
61 A 3
61 T 1
61 N 5589
62 A 2
62 G 1
62 T 1
62 N 1924
63 C 3
63 G 1
63 N 3472
64 N 3575
65 A 1
65 N 4189
66 T 1
66 N 14620
67 G 1
67 N 14661
68 A 1
68 N 7689
69 N 4843
70 N 5631
71 A 12
71 G 1
71 T 1
71 N 4032
72 C 1
72 G 1
72 N 5842
73 N 6656
74 A 1
74 N 4925
75 A 9
75 T 1
75 N 4690
76 C 1
76 G 1
76 N 5571
77 A 1
77 N 3537
78 G 1
78 N 5700
79 A 1
79 N 2420
80 A 11
80 G 1
80 T 1
80 N 4281
81 C 1
81 G 1
81 N 5026
82 N 5971
83 A 1
83 N 4440
84 G 1
84 N 6759
85 C 1
85 N 5105
86 N 4913
87 T 1
87 N 4099
88 G 1
88 N 5149
89 A 13
89 T 2
89 N 3822
90 A 14
90 T 12
90 N 5431
0 -68 3
0 -67 2
0 -57 1
0 -28 19
0 -23 1
0 -3 1
0 -2 1
0 -1 7
1 -59 1
1 -3 1
1 -2 1
1 -1 2
2 -5 1
2 -4 1
2 -1 2
3 -2 1
3 -1 1
3 2 1
4 -3 1
4 -2 2
4 -1 7
5 -7 1
5 -4 1
5 -3 1
5 -2 5
5 -1 10
7 -1 6
8 -4 1
8 -2 1
9 -1 9
10 -5 1
10 -2 3
10 -1 6
11 -1 1
11 1 1
12 -4 3
12 -2 1
12 -1 2
12 1 1
13 -1 1
13 1 1
13 4 1
14 -2 1
14 1 1
15 -2 1
15 -1 2
16 -1 4
16 1 2
17 -3 1
17 -1 1
17 1 3
18 -1 3
19 -2 3
19 -1 3
19 1 1
20 -2 1
20 -1 1
20 2 1
21 -2 1
21 -1 4
22 -6 2
22 -2 2
22 -1 9
23 -2 1
23 -1 2
23 1 2
24 1 1
25 -2 2
25 -1 15
26 -7 1
26 -6 1
26 -4 1
26 -2 5
26 -1 16
26 1 1
27 -5 1
27 1 1
28 -1 4
29 -1 2
29 1 1
30 -1 1
34 -4 1
34 -2 3
34 -1 18
35 -1 6
35 1 1
37 -2 2
37 -1 3
38 -3 1
38 -2 1
38 -1 2
39 -5 1
39 -2 1
39 -1 1
39 1 1
40 -2 2
41 -4 1
41 -1 5
42 -1 2
42 1 1
44 -5 1
44 -3 2
44 -1 3
45 -8 1
45 -3 1
45 -2 1
45 -1 2
46 -8 1
46 -5 1
46 -2 1
46 -1 7
48 -1 7
49 -1 4
50 -1 3
51 -1 2
52 -1 1
52 1 1
53 -2 1
54 -2 1
54 -1 6
55 -1 1
55 1 1
58 -4 1
58 -1 5
59 -2 2
60 -1 1
61 -20 1
61 -1 5
62 -4 1
62 -1 3
63 1 1
65 -2 1
65 -1 2
66 -8 1
66 -2 2
66 -1 2
66 1 1
67 -4 1
67 -1 4
69 -6 1
69 -4 1
70 -1 13
71 1 1
73 -2 1
73 -1 13
74 -1 12
75 -4 1
76 -1 1
77 -5 1
77 -2 1
77 -1 8
78 -5 2
78 -2 3
78 -1 2
79 -3 1
79 -1 5
80 -3 1
80 -1 2
82 -4 1
82 -1 8
83 -1 10
83 1 1
86 -1 7
87 -3 1
87 1 1
88 -2 1
88 -1 15
89 1 1
90 -1 9
91 1 5
