ROI: mrcA
Phase: 8
Total nodes checked: 975611
Total variants found: 286498
0 A 3
0 C 1
0 N 545
1 N 2960
2 A 1
2 T 2
2 N 699
3 G 1
3 N 1258
4 N 2372
5 A 11
5 T 3
5 N 377
6 C 1
6 N 1776
7 A 4
7 G 1
7 T 3
7 N 606
8 A 1
8 C 2
8 T 1
8 N 998
9 A 1
9 C 3
9 N 913
10 A 24
10 G 2
10 T 4
10 N 1776
11 A 3
11 C 3
11 N 1919
12 A 4
12 G 1
12 T 2
12 N 1057
13 C 5
13 G 1
13 N 805
14 A 4
14 T 6
14 N 1029
15 A 1
15 T 2
15 N 1200
16 G 6
16 N 8963
17 A 1
17 T 6
17 N 1294
18 C 1
18 G 5
18 N 2217
19 A 11
19 G 2
19 T 6
19 N 1951
20 A 4
20 C 5
20 N 25571
21 G 5
21 T 2
21 N 2758
22 A 6
22 C 3
22 G 1
22 N 1376
23 A 17
23 T 7
23 N 1453
24 C 6
24 N 1151
25 T 2
25 N 934
26 A 7
26 C 2
26 N 1385
27 A 21
27 T 8
27 N 1042
28 A 13
28 G 2
28 T 6
28 N 1265
29 A 6
29 C 9
29 N 855
30 A 12
30 G 7
30 T 2
30 N 2000
31 C 7
31 N 1410
32 N 1070
33 N 905
34 C 4
34 G 1
34 N 6457
35 A 23
35 G 3
35 T 2
35 N 2975
36 C 5
36 N 1433
37 A 1
37 T 3
37 N 1914
38 G 11
38 N 11542
39 A 1
39 C 4
39 T 5
39 N 1395
40 A 20
40 G 6
40 T 3
40 N 1138
41 A 11
41 G 3
41 N 1299
42 A 1
42 C 6
42 T 3
42 N 944
43 G 6
43 N 3135
44 A 3
44 N 1394
45 T 9
45 N 1237
46 A 6
46 C 1
46 G 4
46 N 1426
47 T 6
47 N 1245
48 A 2
48 C 4
48 T 1
48 N 1611
49 A 13
49 G 10
49 T 1
49 N 6306
50 A 2
50 C 10
50 N 1323
51 A 9
51 G 6
51 T 6
51 N 955
52 C 8
52 G 4
52 N 675
53 A 1
53 T 8
53 N 1338
54 A 1
54 T 5
54 N 1109
55 C 4
55 G 9
55 N 86033
56 A 12
56 G 4
56 T 8
56 N 1201
57 A 1
57 C 7
57 N 1317
58 A 2
58 T 4
58 N 1044
59 G 11
59 N 5678
60 A 1
60 T 7
60 N 1275
61 C 3
61 N 11069
62 A 1
62 G 6
62 T 5
62 N 1039
63 C 6
63 N 3205
64 N 1993
65 C 1
65 G 4
65 N 1149
66 A 4
66 T 7
66 N 788
67 G 6
67 T 4
67 N 5639
68 A 6
68 N 1134
69 A 1
69 N 1573
70 C 4
70 N 1159
71 A 8
71 G 1
71 T 6
71 N 1197
72 C 6
72 N 1196
73 T 3
73 N 1459
74 A 5
74 C 3
74 N 1000
75 A 14
75 T 5
75 N 967
76 C 4
76 G 2
76 N 1294
77 A 6
77 N 1046
78 G 5
78 N 2335
79 A 4
79 C 1
79 N 1007
80 A 8
80 G 4
80 N 1434
81 C 4
81 G 1
81 N 1442
82 G 2
82 N 2232
83 A 3
83 T 1
83 N 2688
84 G 3
84 N 2723
85 N 1369
86 A 1
86 N 993
87 G 1
87 T 3
87 N 1144
88 N 3133
89 A 7
89 G 1
89 N 928
90 A 11
90 T 2
90 N 1242
0 -67 1
0 -30 1
0 -28 1
0 -2 1
0 -1 10
0 1 1
1 -90 1
1 -7 1
1 -2 1
1 -1 6
2 -4 1
2 -2 2
2 -1 1
2 1 2
3 -2 1
4 -4 1
4 -3 1
4 -2 3
4 -1 31
5 -8 1
5 -2 3
5 -1 22
5 1 1
6 -2 3
6 -1 5
6 1 1
7 -7 1
7 -2 4
7 -1 4
8 -2 1
8 1 1
9 -3 3
9 -2 1
9 -1 7
10 -3 1
10 -2 2
10 -1 11
10 1 2
11 -1 10
12 -5 1
12 -1 5
13 1 1
14 1 1
15 -3 1
15 -1 11
16 -3 1
16 -2 1
16 -1 8
16 1 1
17 -2 6
17 -1 1
17 1 2
18 -6 1
18 -2 5
18 -1 13
19 -1 2
20 -2 1
20 -1 2
20 1 1
20 2 1
21 -34 2
21 -2 3
21 -1 7
22 -3 3
22 -2 4
22 -1 20
23 -68 1
23 -2 1
23 -1 3
25 -2 1
25 -1 31
26 -3 3
26 -2 6
26 -1 38
27 -1 1
27 1 1
28 -3 3
28 -2 3
28 -1 8
29 -2 1
29 -1 1
29 1 4
30 -6 1
30 -2 1
30 -1 7
30 1 1
31 1 2
32 -3 2
34 -8 1
34 -2 1
34 -1 32
35 -5 1
35 -2 1
35 -1 12
35 1 1
36 -16 1
36 -2 1
37 -5 1
37 -3 1
37 -2 1
37 -1 6
38 -4 1
38 -2 1
38 -1 2
38 1 2
39 -5 1
39 -2 1
39 -1 1
39 1 2
40 -5 1
40 1 2
41 -44 1
41 -2 2
41 -1 5
42 -10 1
42 -1 3
42 1 2
43 -9 1
43 -4 1
43 1 1
44 -1 7
45 -1 5
45 1 1
46 -3 2
46 -2 1
46 -1 8
48 -2 2
48 -1 4
49 -6 1
49 -2 2
49 -1 1
50 -41 1
50 -2 2
50 -1 3
50 1 1
51 -3 2
51 -1 6
52 -1 1
54 -2 1
54 -1 4
55 -2 2
55 -1 2
56 -5 1
56 -4 1
56 -1 3
57 -2 1
58 -2 1
58 -1 10
59 -3 2
59 -2 3
59 -1 3
60 -4 1
61 -5 1
61 -1 4
62 -2 2
62 -1 3
62 1 1
63 -3 1
65 -2 1
65 -1 5
66 -2 1
66 -1 5
66 1 1
67 -2 1
67 -1 3
67 1 1
68 -5 1
70 -2 3
70 -1 20
71 -2 1
71 1 1
72 1 2
73 -3 1
73 -2 1
73 -1 19
73 3 1
74 -5 1
74 -3 2
74 -2 4
74 -1 20
75 -2 1
75 -1 1
75 1 1
76 -1 4
77 -5 1
77 -3 1
77 -1 14
78 -2 3
78 -1 9
78 1 2
79 -2 2
79 -1 21
80 -2 3
80 -1 5
81 -2 1
81 1 2
82 -1 20
83 -1 21
85 -2 3
86 -1 13
88 -3 1
88 -1 22
89 -2 2
90 -1 25
91 1 1
