ROI: mrcA
Phase: 8
Total nodes checked: 114465
Total variants found: 61327
0 N 109
1 N 655
2 N 147
3 N 296
4 N 500
5 A 1
5 T 1
5 N 75
6 N 367
7 N 142
8 N 201
9 N 218
10 A 4
10 T 2
10 N 379
11 A 1
11 N 401
12 T 1
12 N 222
13 C 2
13 N 166
14 A 2
14 T 2
14 N 203
15 N 258
16 G 2
16 N 1917
17 T 2
17 N 279
18 G 2
18 N 492
19 A 1
19 T 2
19 N 411
20 A 1
20 C 2
20 N 5613
21 G 2
21 N 597
22 A 2
22 G 1
22 N 288
23 A 1
23 T 2
23 N 291
24 C 2
24 N 238
25 N 180
26 A 2
26 N 304
27 T 2
27 N 217
28 T 1
28 N 272
29 C 2
29 N 186
30 A 1
30 G 2
30 N 430
31 C 2
31 N 309
32 N 203
33 N 209
34 N 1437
35 A 3
35 N 587
36 C 2
36 N 300
37 N 407
38 G 2
38 N 2484
39 T 2
39 N 295
40 A 1
40 G 2
40 N 249
41 N 281
42 C 2
42 N 190
43 G 2
43 N 653
44 N 296
45 T 2
45 N 253
46 A 2
46 N 303
47 T 2
47 N 263
48 N 332
49 A 1
49 G 2
49 N 1395
50 C 2
50 N 268
51 A 2
51 G 2
51 T 1
51 N 180
52 C 3
52 N 150
53 T 3
53 N 312
54 N 225
55 G 3
55 N 18472
56 A 1
56 T 3
56 N 232
57 C 2
57 N 301
58 N 217
59 G 2
59 N 1238
60 T 2
60 N 263
61 N 2480
62 G 2
62 N 220
63 C 2
63 N 662
64 N 442
65 N 224
66 T 2
66 N 179
67 G 2
67 N 1233
68 A 2
68 N 242
69 N 341
70 N 245
71 G 1
71 T 2
71 N 228
72 C 2
72 N 259
73 N 318
74 A 2
74 N 211
75 T 1
75 N 184
76 C 1
76 N 257
77 A 1
77 N 200
78 G 1
78 N 490
79 A 1
79 N 204
80 G 1
80 N 286
81 C 1
81 N 311
82 N 456
83 A 1
83 N 577
84 G 1
84 N 607
85 N 308
86 N 201
87 T 1
87 N 235
88 N 647
89 N 182
90 A 1
90 N 258
0 -2 1
0 -1 1
1 -1 3
4 -4 1
4 -1 6
5 -1 5
6 -2 1
6 -1 1
7 -2 1
9 -1 1
10 -2 1
10 -1 5
11 -1 1
12 -1 2
15 -3 1
15 -1 2
16 -3 1
16 -1 3
17 -2 1
17 1 1
18 -2 2
18 -1 4
19 -1 1
21 -34 1
21 -2 2
21 -1 1
22 -1 4
25 -1 3
26 -2 1
26 -1 11
28 -3 1
28 -1 2
29 -2 1
29 1 1
30 -1 3
32 -3 1
34 -1 3
35 -1 1
37 -5 1
37 -1 3
38 -4 1
39 1 1
41 -2 1
44 -1 1
46 -1 1
48 -2 1
48 -1 1
49 -6 1
50 -2 1
51 -3 1
51 -1 1
55 -1 1
56 -1 1
58 -1 2
61 -5 1
61 -1 1
65 -1 1
66 -1 1
67 1 1
70 -1 3
73 -3 1
73 -1 7
74 -5 1
74 -2 3
74 -1 2
77 -1 3
78 -2 1
78 -1 1
78 1 1
79 -1 2
80 -2 1
81 1 1
82 -1 7
83 -1 3
86 -1 2
88 -1 4
90 -1 3
91 1 1
