ROI: mrcA
Phase: 1
Total nodes checked: 2549544
Total variants found: 636162
0 N 3416
1 N 15263
2 A 2
2 C 1
2 N 3708
3 N 2676
4 N 5839
5 A 23
5 T 3
5 N 2689
6 N 6270
7 A 8
7 T 1
7 N 3673
8 N 5673
9 A 2
9 N 5501
10 A 37
10 N 5093
11 A 7
11 C 2
11 N 4966
12 A 14
12 N 5044
13 N 9587
14 A 4
14 N 4392
15 N 4441
16 N 33791
17 A 1
17 T 1
17 N 11176
18 G 1
18 N 12497
19 A 15
19 T 2
19 N 6568
20 A 2
20 C 1
20 N 6101
21 G 2
21 N 6959
22 A 1
22 N 3826
23 A 22
23 T 1
23 N 10139
24 C 1
24 N 3761
25 N 4724
26 A 1
26 G 1
26 N 9895
27 A 21
27 T 3
27 N 2836
28 A 20
28 T 1
28 N 6378
29 A 6
29 C 1
29 N 5592
30 A 24
30 G 1
30 T 2
30 N 5727
31 C 1
31 N 5488
32 N 4047
33 N 4583
34 N 7789
35 A 16
35 T 2
35 N 3526
36 A 1
36 C 1
36 N 5454
37 N 4955
38 G 1
38 N 21519
39 A 8
39 T 1
39 N 7907
40 A 28
40 G 1
40 T 1
40 N 5640
41 A 6
41 N 5170
42 A 3
42 C 1
42 N 6283
43 C 1
43 G 1
43 N 6819
44 N 4710
45 T 1
45 N 3311
46 A 1
46 N 5660
47 A 1
47 T 1
47 N 5509
48 A 1
48 N 7137
49 A 35
49 G 1
49 N 7505
50 A 4
50 C 1
50 N 4839
51 A 21
51 G 1
51 N 4765
52 C 1
52 N 4149
53 A 5
53 T 1
53 N 4299
54 T 1
54 N 10721
55 C 2
55 G 1
55 N 10749
56 A 15
56 G 2
56 T 2
56 N 5127
57 A 4
57 C 1
57 N 4944
58 A 1
58 T 1
58 N 4876
59 G 2
59 N 13321
60 A 6
60 T 1
60 N 5735
61 C 1
61 N 4676
62 A 2
62 G 1
62 T 1
62 N 4160
63 C 1
63 N 4319
64 N 3589
65 G 1
65 N 4425
66 A 2
66 T 1
66 N 4137
67 G 1
67 T 1
67 N 9484
68 A 1
68 N 13681
69 N 4293
70 N 9215
71 A 8
71 T 1
71 N 13401
72 C 1
72 N 5306
73 N 5594
74 A 1
74 N 54941
75 A 12
75 T 1
75 N 6137
76 C 1
76 N 8329
77 A 1
77 N 2275
78 G 1
78 N 4342
79 A 1
79 N 2494
80 A 16
80 G 1
80 T 1
80 N 3899
81 C 1
81 G 1
81 N 6989
82 N 9335
83 A 1
83 N 2021
84 G 1
84 N 5284
85 N 3547
86 N 3908
87 T 1
87 N 3854
88 G 1
88 N 4624
89 A 8
89 T 1
89 N 2549
90 N 9929
0 -2 1
0 -1 4
1 -1 1
2 -3 1
2 -1 2
3 3 1
4 -1 3
5 -1 5
7 -1 5
7 1 1
9 -4 1
9 -2 1
9 -1 1
10 -1 3
11 1 1
12 -1 1
13 -1 1
15 -1 5
16 -1 1
17 -5 1
17 -1 1
18 -7 1
18 -1 1
19 -1 1
21 -1 2
22 -2 5
22 -1 5
23 -3 1
23 -1 1
25 -2 3
25 -1 3
26 -2 1
26 -1 10
27 -2 1
27 1 1
28 -3 1
28 -1 2
29 -1 1
30 -1 5
31 1 1
33 -2 1
34 -4 1
34 -2 1
34 -1 9
35 -2 1
35 1 1
37 -2 1
37 -1 1
38 -1 1
39 -2 1
39 -1 1
40 -2 1
41 -2 1
41 -1 2
44 -1 3
45 -2 1
45 -1 1
46 -1 6
48 -1 3
50 1 1
51 -1 3
52 -1 1
53 -1 1
54 -1 1
55 -1 1
55 1 1
56 -1 1
58 -1 1
59 -1 4
61 -1 4
62 -1 2
64 -4 1
65 -1 1
66 -1 1
67 -1 1
70 -1 2
71 -1 2
73 -2 1
73 -1 3
74 -5 1
74 -2 1
74 -1 2
76 -1 1
77 -1 8
79 -1 4
80 -1 2
82 -3 1
82 -1 2
83 -1 4
84 -6 1
86 -1 1
87 1 1
88 -1 3
90 -1 1
91 1 1
