ROI: mrcA
Phase: 4
Total nodes checked: 281784
Total variants found: 1281827
0 T 2
0 N 2374
1 N 67627
2 T 1
2 N 2854
3 N 2036
4 N 4788
5 A 5
5 N 2703
6 N 3739
7 A 1
7 N 3557
8 A 1
8 N 3566
9 A 1
9 N 6071
10 A 2
10 N 3427
11 A 2
11 T 1
11 N 4111
12 N 5470
13 N 4045
14 A 1
14 N 9897
15 N 11613
16 N 16941
17 T 1
17 N 9961
18 N 8456
19 A 4
19 N 10028
20 T 1
20 N 10526
21 N 14812
22 N 4066
23 A 2
23 T 1
23 N 13134
24 N 10892
25 N 10228
26 N 133279
27 A 3
27 N 11821
28 A 1
28 N 14745
29 A 10
29 T 1
29 N 20798
30 A 1
30 N 11740
31 N 10752
32 N 8141
33 N 10735
34 N 19581
35 A 2
35 N 8313
36 N 10392
37 A 3
37 N 12444
38 N 30850
39 N 12530
40 A 4
40 T 1
40 N 9809
41 A 1
41 T 2
41 N 9323
42 A 14
42 T 1
42 N 8153
43 N 16516
44 N 11866
45 N 10645
46 N 12058
47 A 1
47 N 11955
48 A 1
48 N 11916
49 A 4
49 T 1
49 N 13639
50 A 5
50 T 1
50 N 12209
51 A 2
51 N 11100
52 N 11201
53 A 4
53 N 13176
54 A 1
54 N 13339
55 N 12148
56 A 2
56 T 1
56 N 11800
57 A 5
57 N 16485
58 A 2
58 T 1
58 N 11265
59 N 47036
60 A 1
60 N 12376
61 N 13357
62 A 2
62 N 10303
63 N 8701
64 N 8341
65 N 19435
66 N 11519
67 N 25712
68 N 12517
69 N 12222
70 N 13592
71 A 2
71 N 11733
72 N 13456
73 N 14466
74 C 1
74 N 66442
75 A 1
75 N 7410
76 N 12745
77 N 15190
78 N 14334
79 A 2
79 N 9834
80 A 6
80 N 11941
81 N 12329
82 N 12954
83 A 1
83 T 1
83 N 11082
84 N 14863
85 N 12162
86 N 7310
87 N 11359
88 N 12214
89 A 5
89 T 1
89 N 9971
90 T 1
90 N 13081
0 -91 1
0 -68 1
0 -67 5
0 -57 2
0 -48 4
0 -40 6
0 -30 3
0 -28 21
0 -23 3
0 -16 1
1 -66 1
1 -51 1
1 -38 1
1 -26 1
1 -24 1
1 -22 1
1 -15 1
1 -1 1
1 20 1
2 -6 1
2 4 1
3 7 1
16 -1 3
21 -7 1
23 -2 1
35 -1 1
49 -1 1
78 -1 2
83 -1 1
