ROI: mrcA
Phase: 4
Total nodes checked: 317764
Total variants found: 1295718
0 T 2
0 N 2395
1 N 68307
2 T 1
2 N 2879
3 N 2049
4 N 4832
5 A 7
5 N 2726
6 N 3782
7 A 1
7 N 3589
8 A 1
8 N 3612
9 A 1
9 T 1
9 N 6128
10 A 2
10 N 3457
11 A 2
11 T 2
11 N 4150
12 T 1
12 N 5521
13 N 4081
14 A 2
14 N 9997
15 T 2
15 N 11713
16 N 17121
17 T 1
17 N 10060
18 N 8526
19 A 4
19 N 10126
20 T 1
20 N 10630
21 N 14965
22 N 4105
23 A 2
23 T 1
23 N 13260
24 N 10990
25 N 10321
26 N 135285
27 A 3
27 N 11949
28 A 2
28 N 14885
29 A 10
29 T 1
29 N 21006
30 A 1
30 N 11868
31 N 10842
32 N 8222
33 N 10844
34 N 19765
35 A 2
35 N 8415
36 N 10507
37 A 6
37 N 12576
38 C 1
38 N 31192
39 N 12648
40 A 6
40 T 2
40 N 9929
41 A 1
41 T 2
41 N 9404
42 A 16
42 T 1
42 N 8241
43 N 16692
44 N 11987
45 N 10752
46 N 12188
47 A 1
47 N 12073
48 A 1
48 N 12031
49 A 4
49 T 1
49 N 13787
50 A 7
50 T 2
50 N 12337
51 A 2
51 N 11230
52 N 11325
53 A 4
53 N 13312
54 A 1
54 N 13468
55 N 12276
56 A 3
56 T 2
56 N 11916
57 A 6
57 T 1
57 N 16654
58 A 3
58 T 1
58 N 11386
59 N 47602
60 A 1
60 N 12503
61 N 13495
62 A 2
62 N 10424
63 N 8779
64 N 8419
65 N 19634
66 N 11642
67 N 25991
68 N 12630
69 N 12358
70 N 13730
71 A 2
71 N 11876
72 N 13580
73 N 14612
74 C 1
74 N 67151
75 A 1
75 N 7478
76 N 12871
77 N 15329
78 N 14478
79 A 2
79 T 1
79 N 9940
80 A 6
80 N 12058
81 N 12461
82 N 13086
83 A 1
83 T 1
83 N 11200
84 N 15015
85 N 12288
86 N 7378
87 G 1
87 N 11484
88 N 12331
89 A 6
89 T 4
89 N 10088
90 A 2
90 T 2
90 N 13217
0 -91 1
0 -87 1
0 -68 1
0 -67 14
0 -57 2
0 -48 4
0 -47 1
0 -40 6
0 -30 4
0 -28 38
0 -23 3
0 -16 1
0 15 3
1 -78 1
1 -66 1
1 -51 1
1 -38 1
1 -26 1
1 -24 1
1 -22 1
1 -15 1
1 -1 2
1 4 1
1 20 1
2 -6 1
2 4 1
3 7 1
11 -3 1
15 -74 1
16 -1 3
21 -7 1
21 -2 1
22 -1 1
23 -2 1
25 -1 1
28 -1 1
35 -1 1
36 -5 1
38 1 1
49 -1 1
55 -1 1
58 -1 1
78 -1 2
82 -1 1
83 -1 1
90 -1 1
