ROI: mrcA
Phase: 4
Total nodes checked: 357724
Total variants found: 1312347
0 T 4
0 N 2419
1 N 68735
2 T 1
2 N 2906
3 N 2069
4 N 4869
5 A 8
5 T 1
5 N 2747
6 N 3813
7 A 1
7 N 3615
8 A 1
8 N 3640
9 A 1
9 T 1
9 N 6188
10 A 3
10 N 3483
11 A 2
11 T 2
11 N 4187
12 T 1
12 N 5557
13 N 4121
14 A 3
14 N 10102
15 T 3
15 N 11834
16 N 17270
17 T 1
17 N 10201
18 N 8607
19 A 4
19 N 10261
20 T 1
20 N 10796
21 T 2
21 N 15185
22 N 4131
23 A 3
23 T 2
23 N 13473
24 T 1
24 N 11168
25 N 10480
26 N 136488
27 A 4
27 T 1
27 N 12167
28 A 3
28 T 1
28 N 15102
29 A 12
29 T 1
29 N 21243
30 A 2
30 T 1
30 N 12057
31 N 10961
32 N 8332
33 N 11027
34 C 1
34 G 1
34 N 20013
35 A 3
35 N 8553
36 N 10659
37 A 8
37 N 12776
38 C 2
38 N 31553
39 N 12811
40 A 6
40 T 5
40 N 10080
41 A 1
41 T 2
41 N 9482
42 A 17
42 T 1
42 N 8352
43 N 16944
44 N 12181
45 N 10912
46 A 1
46 N 12370
47 A 1
47 T 1
47 N 12271
48 A 1
48 C 1
48 N 12241
49 A 5
49 T 2
49 N 13989
50 A 9
50 T 2
50 N 12549
51 A 3
51 N 11394
52 A 1
52 N 11519
53 A 5
53 N 13534
54 A 1
54 N 13691
55 N 12416
56 A 5
56 T 2
56 N 12097
57 A 6
57 T 1
57 N 16889
58 A 3
58 T 2
58 N 11587
59 C 1
59 G 2
59 N 48097
60 A 1
60 N 12701
61 A 1
61 C 1
61 N 13714
62 A 2
62 T 1
62 N 10591
63 G 1
63 N 8899
64 N 8551
65 N 19891
66 C 1
66 N 11846
67 N 26296
68 N 12785
69 N 12557
70 N 13958
71 A 3
71 N 12064
72 N 13792
73 N 14837
74 C 1
74 N 67602
75 A 1
75 N 7573
76 N 13077
77 N 15540
78 N 14687
79 A 3
79 T 1
79 N 10116
80 A 7
80 N 12247
81 N 12660
82 N 13305
83 A 1
83 T 1
83 N 11405
84 C 1
84 N 15230
85 N 12487
86 N 7483
87 G 1
87 N 11667
88 T 1
88 N 12513
89 A 6
89 T 4
89 N 10257
90 A 3
90 T 2
90 N 13416
0 -91 1
0 -87 1
0 -68 1
0 -67 21
0 -57 3
0 -48 6
0 -47 1
0 -40 7
0 -30 5
0 -28 52
0 -23 3
0 -16 1
0 15 7
1 -90 1
1 -78 1
1 -66 1
1 -51 1
1 -38 1
1 -26 1
1 -24 1
1 -22 1
1 -15 1
1 -4 1
1 -1 4
1 4 1
1 20 2
2 -10 1
2 -6 1
2 4 1
3 -1 1
3 7 2
4 -1 2
9 -1 2
10 -1 1
11 -3 1
11 -2 1
12 -3 1
15 -74 1
15 -1 1
16 -1 3
17 -2 1
21 -7 1
21 -2 1
22 -1 1
23 -2 1
25 -1 2
26 -7 1
26 -1 2
28 -1 1
34 -10 1
34 -1 2
35 -1 1
36 -5 1
36 1 1
38 1 1
39 -2 1
46 -1 1
48 -3 1
48 -2 1
49 -1 1
54 -1 1
55 -1 1
58 -1 1
59 -1 1
60 -2 1
61 -1 1
65 -1 1
68 -3 1
70 -1 1
78 -2 1
78 -1 3
82 -1 2
83 -1 1
84 -3 1
85 -2 1
88 -1 1
90 -1 2
