ROI: mrcA
Phase: 3
Total nodes checked: 784341
Total variants found: 282113
0 N 475
1 N 1768
2 N 994
3 N 635
4 N 1414
5 A 4
5 N 672
6 C 1
6 N 825
7 A 6
7 T 2
7 N 702
8 C 1
8 N 1203
9 A 3
9 N 881
10 A 11
10 G 1
10 T 2
10 N 811
11 C 1
11 N 804
12 G 1
12 T 2
12 N 868
13 C 1
13 N 2037
14 A 1
14 T 1
14 N 1302
15 A 3
15 T 1
15 N 2910
16 G 2
16 N 9021
17 T 2
17 N 2145
18 C 1
18 G 1
18 N 2827
19 A 4
19 G 1
19 T 2
19 N 2368
20 A 1
20 C 2
20 N 2309
21 G 1
21 T 1
21 N 2797
22 A 1
22 C 1
22 N 752
23 A 7
23 N 3510
24 N 2504
25 T 1
25 N 2663
26 C 1
26 N 6319
27 A 11
27 N 2525
28 A 5
28 G 1
28 T 2
28 N 3113
29 A 2
29 C 1
29 N 10115
30 A 9
30 T 1
30 N 3130
31 N 2399
32 N 1646
33 N 2153
34 C 1
34 N 3990
35 A 3
35 G 1
35 T 1
35 N 2173
36 A 1
36 N 3379
37 T 1
37 N 2613
38 G 1
38 N 5326
39 A 1
39 C 1
39 N 2753
40 A 9
40 T 2
40 N 2895
41 A 4
41 G 1
41 N 2547
42 A 3
42 C 1
42 T 1
42 N 2808
43 G 1
43 N 4220
44 N 2676
45 T 1
45 N 1400
46 A 1
46 N 3097
47 T 1
47 N 2748
48 N 2950
49 A 11
49 G 1
49 N 1558
50 C 1
50 N 2056
51 A 4
51 G 1
51 T 1
51 N 2871
52 C 1
52 N 2775
53 A 1
53 T 1
53 N 2740
54 N 2964
55 G 1
55 N 3556
56 A 13
56 T 1
56 N 19436
57 A 1
57 C 1
57 N 2929
58 N 2772
59 G 1
59 N 14808
60 T 1
60 N 2727
61 N 3005
62 G 1
62 N 1210
63 C 1
63 N 2235
64 N 1938
65 N 2272
66 T 1
66 N 9505
67 G 1
67 N 9697
68 A 1
68 N 4578
69 N 2751
70 N 3072
71 A 5
71 G 1
71 T 1
71 N 2382
72 C 1
72 G 1
72 N 3468
73 N 3740
74 A 1
74 N 2771
75 A 3
75 T 1
75 N 2523
76 C 1
76 G 1
76 N 2992
77 A 1
77 N 1818
78 G 1
78 N 3040
79 A 1
79 N 1257
80 A 2
80 G 1
80 N 2349
81 C 1
81 N 2706
82 N 3297
83 A 1
83 N 2210
84 G 1
84 N 3966
85 N 2697
86 N 2579
87 T 1
87 N 2188
88 N 2858
89 A 4
89 T 1
89 N 1988
90 A 8
90 T 4
90 N 3140
0 -68 1
0 -67 1
0 -57 1
0 -28 3
0 -2 1
0 -1 5
1 -59 1
1 -3 1
1 -1 1
2 -5 1
2 -1 1
3 -2 1
3 -1 1
4 -3 1
4 -2 2
4 -1 3
5 -7 1
5 -4 1
5 -3 1
5 -2 4
5 -1 7
7 -1 5
8 -4 1
9 -1 6
10 -5 1
10 -2 1
10 -1 3
11 1 1
12 -4 2
12 -1 2
12 1 1
13 -1 1
13 4 1
14 1 1
15 -2 1
16 -1 4
16 1 1
17 -3 1
17 -1 1
17 1 1
18 -1 3
19 -2 2
19 -1 2
19 1 1
20 -2 1
20 -1 1
20 2 1
21 -2 1
21 -1 2
22 -6 1
22 -2 1
22 -1 7
23 -2 1
23 -1 2
23 1 2
24 1 1
25 -2 1
25 -1 9
26 -6 1
26 -2 2
26 -1 9
27 -5 1
27 1 1
28 -1 1
29 1 1
30 -1 1
34 -4 1
34 -2 3
34 -1 12
35 -1 3
35 1 1
37 -2 1
37 -1 3
38 -2 1
38 -1 2
39 -5 1
39 -2 1
40 -2 2
41 -1 2
42 -1 1
42 1 1
44 -5 1
44 -3 1
44 -1 1
45 -8 1
45 -3 1
45 -2 1
45 -1 1
46 -5 1
46 -1 4
48 -1 4
49 -1 1
50 -1 3
51 -1 1
52 -1 1
52 1 1
54 -1 4
55 -1 1
55 1 1
58 -1 5
59 -2 1
60 -1 1
61 -20 1
61 -1 3
62 -1 2
63 1 1
65 -1 2
66 -8 1
66 -2 1
66 1 1
67 -4 1
67 -1 3
69 -4 1
70 -1 7
71 1 1
73 -1 10
74 -1 7
75 -4 1
77 -2 1
77 -1 8
78 -5 2
78 -2 1
78 -1 2
79 -3 1
79 -1 4
80 -3 1
80 -1 1
82 -1 5
83 -1 5
83 1 1
86 -1 1
87 1 1
88 -1 7
90 -1 3
91 1 1
