ROI: mrcA
Phase: 5
Total nodes checked: 228245
Total variants found: 65940
0 A 2
0 N 190
1 N 845
2 A 1
2 C 5
2 N 142
3 N 125
4 N 337
5 A 2
5 T 2
5 N 122
6 C 2
6 N 191
7 G 1
7 T 8
7 N 135
8 A 6
8 C 3
8 N 232
9 A 7
9 C 5
9 N 166
10 A 1
10 G 3
10 T 4
10 N 216
11 A 2
11 C 4
11 N 193
12 G 1
12 T 11
12 N 256
13 C 1
13 G 4
13 N 590
14 C 2
14 T 2
14 N 475
15 C 1
15 T 5
15 N 360
16 G 7
16 N 2211
17 A 2
17 C 1
17 T 8
17 N 335
18 C 6
18 G 3
18 N 359
19 A 6
19 G 5
19 T 5
19 N 407
20 A 5
20 C 5
20 N 389
21 G 3
21 T 5
21 N 694
22 A 4
22 C 5
22 N 216
23 A 7
23 T 6
23 N 452
24 C 5
24 G 1
24 N 231
25 T 4
25 N 254
26 A 5
26 C 4
26 N 257
27 A 2
27 T 7
27 N 367
28 A 6
28 G 4
28 T 3
28 N 504
29 A 1
29 C 9
29 N 1801
30 A 5
30 G 5
30 T 1
30 N 512
31 C 5
31 N 427
32 N 413
33 N 361
34 C 4
34 G 2
34 N 524
35 A 7
35 G 4
35 T 2
35 N 242
36 C 4
36 N 349
37 A 1
37 T 4
37 N 407
38 G 8
38 N 1562
39 C 5
39 T 4
39 N 418
40 A 2
40 G 4
40 T 2
40 N 614
41 A 1
41 G 4
41 T 2
41 N 253
42 C 5
42 T 4
42 N 263
43 G 5
43 N 771
44 A 4
44 N 336
45 T 9
45 N 191
46 A 5
46 G 4
46 N 376
47 T 6
47 N 307
48 C 5
48 N 309
49 A 4
49 G 10
49 T 2
49 N 524
50 A 1
50 C 10
50 N 314
51 G 6
51 T 5
51 N 482
52 C 6
52 G 5
52 N 24921
53 T 6
53 N 405
54 T 2
54 N 470
55 C 3
55 G 5
55 N 374
56 A 1
56 G 3
56 T 7
56 N 450
57 A 2
57 C 5
57 N 343
58 T 3
58 N 496
59 G 7
59 N 1001
60 T 4
60 N 375
61 C 3
61 T 1
61 N 289
62 G 4
62 T 4
62 N 325
63 C 4
63 N 385
64 N 668
65 G 3
65 N 364
66 A 3
66 T 4
66 N 1379
67 G 4
67 T 3
67 N 531
68 A 3
68 N 415
69 N 390
70 C 2
70 N 314
71 A 3
71 G 2
71 T 2
71 N 385
72 C 2
72 N 433
73 T 2
73 N 405
74 A 3
74 C 3
74 N 196
75 A 4
75 T 3
75 N 253
76 C 3
76 G 5
76 N 391
77 A 7
77 N 126
78 G 6
78 N 323
79 A 2
79 C 4
79 N 258
80 A 3
80 G 1
80 T 2
80 N 261
81 C 1
81 N 362
82 G 2
82 N 460
83 A 1
83 T 2
83 N 229
84 C 1
84 G 1
84 N 694
85 N 389
86 A 1
86 N 311
87 T 1
87 N 271
88 C 1
88 N 490
89 A 1
89 N 242
90 A 3
90 N 425
0 -3 1
0 -2 3
0 -1 12
0 1 1
1 -4 1
1 -3 1
1 -2 7
1 -1 10
1 1 2
1 7 1
2 -5 1
2 -2 3
2 -1 9
2 1 1
3 -87 1
3 -4 1
3 -2 1
3 1 1
4 -4 2
4 -3 2
4 -2 19
4 -1 41
5 -8 1
5 -5 1
5 -2 10
5 -1 30
5 1 3
5 5 1
6 -6 1
6 -5 1
6 -4 1
6 -3 1
6 -2 4
6 1 2
7 -4 2
7 -2 6
7 -1 7
7 1 1
8 -2 2
8 1 2
9 -81 1
9 -73 1
9 -60 1
9 -7 1
9 -4 2
9 -3 3
9 -2 5
9 -1 37
10 -6 2
10 -5 1
10 -3 3
10 -2 2
10 -1 17
10 1 3
11 -3 2
11 -2 5
11 -1 10
11 1 4
12 -11 1
12 -9 1
12 -6 1
12 -5 2
12 -4 2
12 -3 2
12 -2 7
12 -1 24
12 1 2
13 -5 1
13 -4 1
13 -2 2
13 -1 12
13 1 4
14 -3 1
14 -2 3
14 -1 4
14 1 1
15 -74 1
15 -8 1
15 -4 1
15 -3 7
15 -2 4
15 -1 32
16 -15 1
16 -5 1
16 -4 1
16 -3 3
16 -2 5
16 -1 22
16 1 6
17 -6 1
17 -4 3
17 -3 1
17 -2 6
17 -1 13
18 -3 3
18 -2 1
18 -1 9
18 1 1
19 -3 1
19 -2 1
19 -1 5
20 -4 2
20 -1 1
20 1 1
21 -3 1
21 -2 4
21 -1 12
22 -3 3
22 -2 8
22 -1 36
22 1 4
23 -4 1
23 -3 1
23 -2 2
23 -1 3
23 1 2
24 -39 1
24 1 2
25 -3 1
25 -2 5
25 -1 52
26 -3 1
26 -2 8
26 -1 77
27 -2 2
27 -1 1
27 1 2
28 -7 1
28 -4 2
28 -2 1
28 -1 7
28 2 1
28 4 1
29 -2 4
29 -1 3
29 1 5
30 -2 5
30 -1 15
30 1 1
31 1 2
33 -4 1
33 -2 3
34 -4 1
34 -3 2
34 -2 13
34 -1 56
35 -3 1
35 -2 2
35 -1 19
35 1 2
36 -31 1
36 -5 3
36 1 1
37 -6 1
37 -4 1
37 -2 2
37 -1 4
38 -3 1
38 -2 4
38 -1 3
38 1 1
39 -6 1
39 -5 1
39 -4 1
39 -2 2
39 -1 7
39 1 3
40 -3 1
40 1 1
41 -2 3
41 -1 8
42 -1 4
42 1 1
43 -5 1
43 -2 2
43 1 1
44 -4 1
44 -3 1
44 -1 7
44 2 1
45 -30 1
45 -3 1
45 -2 1
45 -1 4
45 1 4
46 -41 1
46 -5 1
46 -3 3
46 -2 7
46 -1 29
46 1 1
47 -2 2
48 -6 1
48 -3 6
48 -2 4
48 -1 15
49 -6 1
49 -3 1
49 -2 1
49 -1 4
49 1 2
50 -2 4
50 -1 1
50 1 1
51 -4 1
51 -2 3
51 -1 10
52 -5 1
52 -2 1
52 -1 2
52 1 3
53 -3 1
53 -2 1
53 1 1
54 -3 1
54 -2 1
54 -1 11
55 -1 6
56 -4 1
56 -2 1
56 -1 7
56 1 2
58 -4 1
58 -2 1
58 -1 13
59 -3 2
59 -2 2
59 -1 3
59 1 1
60 -5 1
60 -4 2
60 -3 1
60 1 3
61 -12 1
61 -6 2
61 -3 1
61 -2 5
61 -1 11
62 -12 1
62 -8 1
62 -7 1
62 -6 1
62 -2 1
62 -1 5
63 1 2
64 -8 1
64 -4 1
65 -6 1
65 -2 3
65 -1 9
66 -6 1
66 -2 1
66 -1 2
66 1 8
67 -7 2
67 -2 2
67 -1 10
68 -4 1
69 -6 1
70 -3 2
70 -2 1
70 -1 45
71 -1 3
71 1 6
72 -2 1
72 1 1
73 -4 1
73 -2 1
73 -1 36
74 -2 3
74 -1 50
75 -4 2
75 -3 1
75 -2 1
76 -3 1
76 -1 2
76 1 1
77 -5 1
77 -2 1
77 -1 16
78 -5 2
78 -3 1
78 -2 1
78 -1 8
79 -8 1
79 -7 1
79 -3 3
79 -2 2
79 -1 18
80 -1 4
80 1 1
81 -3 1
81 1 2
82 -2 2
82 -1 28
83 -5 1
83 -1 21
83 1 2
84 -6 1
84 1 1
85 -3 1
85 -2 3
86 -3 1
86 -2 1
86 -1 14
87 -4 1
87 1 2
88 -2 1
88 -1 36
89 -2 2
89 1 2
90 -1 38
91 1 3
