ROI: mrcA
Phase: 1
Total nodes checked: 2116483
Total variants found: 572075
0 N 3065
1 N 13764
2 A 2
2 C 1
2 N 3333
3 N 2409
4 N 5259
5 A 20
5 T 3
5 N 2441
6 N 5569
7 A 7
7 T 1
7 N 3284
8 N 5118
9 A 1
9 N 4949
10 A 31
10 N 4579
11 A 4
11 C 2
11 N 4400
12 A 10
12 N 4581
13 N 8643
14 A 3
14 N 3959
15 N 4018
16 N 30360
17 A 1
17 T 1
17 N 10111
18 G 1
18 N 11276
19 A 7
19 T 2
19 N 5946
20 A 2
20 C 1
20 N 5527
21 G 2
21 N 6268
22 A 1
22 N 3439
23 A 19
23 T 1
23 N 9124
24 C 1
24 N 3396
25 N 4257
26 A 1
26 G 1
26 N 8858
27 A 14
27 T 3
27 N 2554
28 A 12
28 T 1
28 N 5771
29 A 5
29 C 1
29 N 5015
30 A 16
30 G 1
30 T 1
30 N 5148
31 C 1
31 N 4917
32 N 3678
33 N 4138
34 N 7055
35 A 8
35 T 1
35 N 3173
36 A 1
36 C 1
36 N 4908
37 N 4436
38 G 1
38 N 19243
39 A 6
39 T 1
39 N 7156
40 A 18
40 G 1
40 N 5074
41 A 4
41 N 4636
42 A 3
42 C 1
42 N 5672
43 C 1
43 G 1
43 N 6126
44 N 4242
45 T 1
45 N 2983
46 A 1
46 N 5112
47 A 1
47 T 1
47 N 4977
48 N 6406
49 A 28
49 G 1
49 N 6682
50 A 3
50 C 1
50 N 4370
51 A 11
51 G 1
51 N 4277
52 C 1
52 N 3730
53 A 5
53 T 1
53 N 3842
54 T 1
54 N 9648
55 C 2
55 G 1
55 N 9712
56 A 10
56 G 2
56 T 2
56 N 4604
57 A 3
57 C 1
57 N 4452
58 A 1
58 T 1
58 N 4372
59 G 2
59 N 11892
60 A 4
60 T 1
60 N 5209
61 C 1
61 N 4195
62 G 1
62 T 1
62 N 3722
63 C 1
63 N 3888
64 N 3221
65 G 1
65 N 4018
66 A 2
66 T 1
66 N 3659
67 G 1
67 T 1
67 N 8543
68 A 1
68 N 12265
69 N 3859
70 N 8289
71 A 4
71 T 1
71 N 12060
72 C 1
72 N 4799
73 N 5044
74 A 1
74 N 49311
75 A 7
75 T 1
75 N 5520
76 C 1
76 N 7509
77 A 1
77 N 2063
78 G 1
78 N 3934
79 A 1
79 N 2258
80 A 9
80 G 1
80 T 1
80 N 3484
81 C 1
81 G 1
81 N 6285
82 N 8385
83 A 1
83 N 1821
84 G 1
84 N 4730
85 N 3175
86 N 3521
87 T 1
87 N 3453
88 G 1
88 N 4148
89 A 7
89 T 1
89 N 2311
90 N 8933
0 -2 1
0 -1 4
1 -1 1
2 -3 1
2 -1 1
3 3 1
4 -1 2
5 -1 4
7 -1 4
9 -4 1
9 -2 1
9 -1 1
10 -1 3
11 1 1
12 -1 1
15 -1 3
17 -5 1
17 -1 1
18 -1 1
19 -1 1
21 -1 1
22 -2 5
22 -1 4
23 -3 1
23 -1 1
25 -2 3
25 -1 3
26 -2 1
26 -1 10
27 -2 1
27 1 1
28 -3 1
28 -1 2
29 -1 1
30 -1 3
31 1 1
33 -2 1
34 -4 1
34 -2 1
34 -1 8
35 -2 1
35 1 1
37 -2 1
38 -1 1
39 -2 1
39 -1 1
40 -2 1
41 -2 1
41 -1 2
44 -1 3
45 -2 1
45 -1 1
46 -1 6
48 -1 3
50 1 1
51 -1 3
52 -1 1
53 -1 1
54 -1 1
55 -1 1
55 1 1
56 -1 1
58 -1 1
59 -1 3
61 -1 3
62 -1 2
64 -4 1
65 -1 1
70 -1 2
71 -1 1
73 -1 3
74 -1 2
76 -1 1
77 -1 5
79 -1 3
82 -3 1
82 -1 2
83 -1 4
86 -1 1
87 1 1
88 -1 2
90 -1 1
