ROI: mrcA
Phase: 7
Total nodes checked: 1244853
Total variants found: 339905
0 A 2
0 N 701
1 G 1
1 N 4878
2 A 1
2 T 1
2 N 2081
3 G 2
3 N 946
4 N 4938
5 A 13
5 T 3
5 N 697
6 C 1
6 N 2057
7 A 7
7 T 2
7 N 1091
8 A 1
8 C 2
8 N 1745
9 C 1
9 N 1665
10 A 20
10 G 2
10 T 1
10 N 1866
11 A 1
11 C 3
11 T 2
11 N 3629
12 A 3
12 G 1
12 T 1
12 N 11296
13 C 3
13 G 1
13 N 3317
14 A 3
14 T 2
14 N 3062
15 A 1
15 C 1
15 T 2
15 N 2544
16 G 4
16 N 9340
17 A 2
17 T 4
17 N 2346
18 C 2
18 G 2
18 N 3227
19 A 8
19 G 2
19 T 3
19 N 3459
20 A 3
20 C 6
20 N 3012
21 G 2
21 T 2
21 N 6269
22 A 3
22 C 3
22 N 3668
23 A 21
23 T 6
23 N 2974
24 C 3
24 N 2147
25 G 1
25 T 3
25 N 2531
26 A 2
26 C 3
26 N 2539
27 A 14
27 T 2
27 N 2112
28 A 8
28 G 2
28 T 4
28 N 2955
29 A 3
29 C 5
29 N 6250
30 A 11
30 G 2
30 T 1
30 N 2999
31 C 1
31 N 2927
32 N 2626
33 N 3070
34 C 2
34 N 13172
35 A 11
35 G 3
35 N 975
36 A 1
36 C 1
36 N 3894
37 A 1
37 T 3
37 N 3255
38 G 4
38 N 18216
39 C 3
39 T 1
39 N 2644
40 A 16
40 G 1
40 N 2552
41 A 10
41 G 3
41 N 3056
42 A 2
42 C 1
42 T 4
42 N 1734
43 G 1
43 N 4066
44 A 3
44 N 1913
45 T 4
45 N 2349
46 A 1
46 G 3
46 N 2317
47 T 1
47 N 2835
48 C 3
48 N 2848
49 A 15
49 G 4
49 N 3229
50 A 1
50 C 4
50 T 1
50 N 2451
51 A 20
51 G 1
51 T 4
51 N 3875
52 C 1
52 G 3
52 N 1900
53 A 1
53 T 2
53 N 2690
54 A 1
54 T 3
54 N 2929
55 C 2
55 G 1
55 N 14842
56 A 12
56 G 2
56 T 1
56 N 1826
57 A 1
57 C 1
57 N 2893
58 A 3
58 T 2
58 N 2406
59 G 3
59 N 24629
60 A 1
60 T 1
60 N 4187
61 A 2
61 C 2
61 N 2505
62 A 1
62 G 1
62 T 2
62 N 5523
63 C 1
63 N 3843
64 N 3846
65 G 2
65 N 4278
66 A 2
66 T 1
66 N 1979
67 G 1
67 T 2
67 N 3702
68 A 1
68 N 2236
69 G 1
69 N 2143
70 C 1
70 N 3180
71 A 6
71 T 1
71 N 2578
72 C 1
72 N 2644
73 G 1
73 T 1
73 N 2965
74 A 1
74 C 1
74 N 2605
75 A 6
75 T 1
75 N 2077
76 C 1
76 G 2
76 N 2298
77 A 2
77 N 6298
78 G 3
78 N 2930
79 A 2
79 C 1
79 N 2170
80 A 8
80 G 2
80 N 2927
81 C 2
81 N 3578
82 G 1
82 N 4125
83 A 1
83 T 1
83 N 1645
84 G 1
84 N 5903
85 N 2245
86 A 1
86 N 2384
87 T 1
87 N 2496
88 C 1
88 N 3219
89 A 5
89 N 2741
90 A 8
90 T 1
90 N 2838
0 -28 3
0 -3 1
0 -1 17
1 -2 1
1 -1 9
2 -3 1
2 -2 2
2 -1 2
3 -6 1
3 -2 3
4 -3 1
4 -2 7
4 -1 26
5 -2 4
5 -1 25
5 1 2
6 -2 1
6 -1 4
7 -18 1
7 -2 1
7 -1 2
7 1 3
8 -1 1
8 1 1
9 -3 2
9 -2 1
9 -1 9
10 -6 1
10 -5 1
10 -2 2
10 -1 6
11 -7 1
11 -2 1
11 -1 7
12 -3 1
12 -2 3
12 -1 2
12 1 1
13 -1 2
13 1 4
14 1 1
15 -4 1
15 -3 1
15 -2 1
15 -1 7
16 -6 1
16 -5 1
16 -2 1
16 -1 6
16 1 3
17 -5 1
17 -2 1
17 -1 7
18 -9 1
18 -4 1
18 -3 1
18 -1 4
18 1 1
19 -2 3
19 -1 2
19 1 2
20 -6 1
20 -2 1
20 -1 1
20 1 4
21 -1 3
22 -3 4
22 -2 3
22 -1 21
23 -1 3
24 -4 1
24 1 1
25 -6 1
25 -3 1
25 -2 4
25 -1 39
26 -11 1
26 -7 2
26 -4 1
26 -2 6
26 -1 34
27 -5 1
27 -2 1
27 1 1
28 -5 1
28 -3 1
28 -1 8
29 -2 1
29 1 4
30 -3 2
30 -2 1
30 -1 6
31 1 1
33 -3 1
33 -2 1
34 -3 1
34 -2 3
34 -1 39
35 -3 2
35 -2 2
35 -1 14
35 1 1
36 1 1
37 -6 1
37 -3 1
37 -1 5
38 -3 1
38 -2 4
38 -1 1
39 -5 1
39 1 1
40 1 1
41 -2 2
41 -1 10
42 1 4
43 -2 1
43 1 1
44 -5 1
44 -4 1
44 -2 2
44 -1 9
45 -1 2
45 1 1
46 -5 1
46 -3 1
46 -2 1
46 -1 17
47 -4 1
47 -2 2
47 1 1
48 -2 1
48 -1 6
49 -5 1
49 -1 4
50 -2 1
50 -1 1
50 1 2
51 -1 5
52 -10 1
52 1 1
53 1 3
54 -1 6
55 -3 1
55 -2 1
55 -1 3
55 1 1
56 -4 4
56 -1 2
56 1 1
58 -4 1
58 -1 5
58 2 1
59 -3 2
59 -2 1
59 -1 1
59 1 1
60 -2 1
60 1 1
61 -2 2
61 -1 11
62 -10 1
62 -6 1
62 -4 2
62 -1 3
62 1 1
64 -2 1
65 -1 9
66 -3 1
66 -2 1
66 -1 2
66 1 2
67 -2 1
67 -1 6
67 1 1
68 -3 1
68 1 2
69 -3 2
70 -2 1
70 -1 25
71 -1 5
71 1 3
72 1 1
73 -6 1
73 -2 2
73 -1 22
74 -2 2
74 -1 23
74 1 2
75 -3 1
76 -4 1
76 -1 5
76 1 4
77 -3 1
77 -2 1
77 -1 16
78 -5 1
78 -2 1
78 -1 1
78 1 1
79 -2 2
79 -1 14
80 -5 1
80 -1 5
80 1 1
82 -2 1
82 -1 19
83 -5 1
83 -3 1
83 -1 29
84 -4 1
86 -1 10
87 -3 1
87 -2 1
87 1 2
88 -2 2
88 -1 25
89 1 2
90 -1 21
91 1 1
