ROI: mrcA
Phase: 2
Total nodes checked: 737063
Total variants found: 256947
0 N 465
1 N 1247
2 N 774
3 N 721
4 N 1232
5 A 1
5 N 690
6 N 728
7 A 4
7 N 760
8 N 1004
9 N 1114
10 A 5
10 N 773
11 N 848
12 N 911
13 N 1763
14 N 1409
15 A 1
15 N 1170
16 N 12998
17 N 3104
18 N 1377
19 A 2
19 N 2663
20 A 1
20 N 2956
21 N 3667
22 N 944
23 A 5
23 N 3371
24 N 2824
25 N 3275
26 N 3783
27 A 13
27 N 3449
28 A 7
28 N 3504
29 A 3
29 N 4929
30 A 4
30 N 3302
31 N 1888
32 N 2773
33 N 1904
34 N 3482
35 A 9
35 N 2877
36 N 1243
37 N 3464
38 N 5751
39 N 2940
40 A 8
40 N 1011
41 A 2
41 N 2740
42 A 1
42 T 1
42 N 2760
43 N 4643
44 N 3520
45 N 2209
46 N 3608
47 A 1
47 N 2068
48 N 3030
49 A 6
49 T 2
49 N 3486
50 N 3170
51 A 5
51 N 3624
52 N 3139
53 N 2960
54 N 3424
55 N 4608
56 A 6
56 N 3100
57 A 2
57 N 3477
58 N 3272
59 N 2729
60 N 3350
61 N 3247
62 N 1391
63 N 3340
64 N 1765
65 N 2341
66 N 3255
67 N 2969
68 N 3730
69 N 4127
70 N 3943
71 A 5
71 N 2306
72 N 3706
73 N 6588
74 N 3518
75 A 1
75 N 2602
76 N 3096
77 N 2682
78 N 3635
79 N 2715
80 A 3
80 N 3349
81 N 2230
82 N 3863
83 N 2895
84 N 3055
85 N 3117
86 N 2924
87 N 2049
88 N 3287
89 A 2
89 N 1955
90 A 5
90 T 2
90 N 3116
0 -28 1
0 -1 2
1 -1 2
4 -1 3
5 -1 3
5 1 1
7 -1 1
9 -3 1
11 -2 1
12 -2 1
15 -2 1
16 1 1
18 -3 1
23 1 1
25 -2 1
25 -1 3
28 -1 1
38 1 1
48 -1 1
56 -4 1
58 -5 1
58 -1 1
73 -1 1
75 -1 1
79 -2 1
82 -2 1
83 -1 2
85 -2 1
88 -1 1
90 -1 1
