ROI: mrcA
Phase: 6
Total nodes checked: 1204573
Total variants found: 229177
0 T 1
0 N 731
1 G 1
1 N 2932
2 A 1
2 N 1034
3 N 904
4 G 1
4 N 2381
5 A 7
5 G 1
5 T 5
5 N 886
6 C 1
6 N 1649
7 A 7
7 T 2
7 N 817
8 A 1
8 C 1
8 N 1116
9 C 2
9 N 1314
10 A 13
10 T 3
10 N 1593
11 A 8
11 C 3
11 N 1406
12 A 7
12 T 1
12 N 2879
13 G 1
13 N 1791
14 A 4
14 C 1
14 T 3
14 N 1759
15 T 1
15 N 2034
16 N 11705
17 A 4
17 C 1
17 T 1
17 N 1963
18 C 2
18 G 1
18 N 3603
19 A 10
19 T 3
19 N 2643
20 C 1
20 T 1
20 N 2145
21 G 2
21 T 2
21 N 3177
22 A 2
22 C 2
22 N 1272
23 A 7
23 T 5
23 N 2167
24 G 1
24 N 1522
25 G 1
25 N 2082
26 C 3
26 N 1851
27 A 13
27 T 2
27 N 1669
28 A 13
28 T 5
28 N 3041
29 A 2
29 C 1
29 N 1961
30 A 6
30 T 3
30 N 1587
31 G 2
31 T 1
31 N 2129
32 G 2
32 N 2415
33 G 1
33 N 3406
34 N 4286
35 A 10
35 T 3
35 N 1609
36 A 2
36 T 1
36 N 2075
37 A 1
37 C 1
37 T 1
37 N 3523
38 C 2
38 N 7992
39 C 1
39 T 4
39 N 2597
40 A 17
40 T 3
40 N 1368
41 A 6
41 T 1
41 N 1929
42 A 4
42 T 3
42 N 1475
43 A 1
43 C 1
43 N 3479
44 C 1
44 N 2126
45 G 2
45 N 2114
46 A 1
46 C 1
46 N 2450
47 T 1
47 N 1914
48 A 2
48 N 1993
49 A 12
49 T 2
49 N 1954
50 A 3
50 T 1
50 N 1832
51 A 12
51 T 1
51 N 1748
52 C 5
52 G 1
52 N 7470
53 C 1
53 N 2185
54 A 2
54 T 1
54 N 2162
55 C 3
55 N 1979
56 A 10
56 T 2
56 N 1803
57 A 6
57 N 1912
58 A 3
58 C 1
58 N 2200
59 C 2
59 G 1
59 N 9170
60 A 1
60 N 1839
61 A 1
61 T 2
61 N 2065
62 A 3
62 T 1
62 N 1500
63 C 2
63 N 5894
64 C 4
64 N 2302
65 C 3
65 N 3612
66 T 1
66 N 8174
67 G 1
67 T 1
67 N 2317
68 C 3
68 N 2594
69 N 1741
70 N 1877
71 A 5
71 G 3
71 T 2
71 N 2222
72 G 3
72 T 2
72 N 2079
73 G 1
73 N 2325
74 N 1760
75 A 8
75 T 2
75 N 941
76 G 3
76 N 2782
77 A 1
77 N 1318
78 N 1903
79 T 1
79 N 2730
80 A 4
80 T 1
80 N 1773
81 G 1
81 T 1
81 N 2417
82 G 1
82 T 1
82 N 3703
83 A 1
83 N 1437
84 A 2
84 N 3047
85 C 1
85 N 2801
86 C 3
86 N 1673
87 G 1
87 T 2
87 N 1629
88 G 1
88 N 1851
89 A 12
89 T 2
89 N 1254
90 A 11
90 T 2
90 N 3587
0 -90 1
0 -28 10
0 -5 1
0 -4 1
0 -1 14
1 -3 2
1 -2 2
2 -1 1
2 1 1
3 -2 1
4 -2 2
4 -1 14
5 -2 5
5 -1 11
5 2 1
6 -1 3
6 1 4
7 -7 1
7 -3 2
7 -2 1
7 -1 2
8 -4 1
8 1 2
8 2 1
9 -2 2
9 -1 6
10 -6 1
10 -5 1
10 -3 2
10 -1 4
10 1 4
11 -2 2
11 -1 3
11 1 2
12 -8 1
12 -3 1
12 -2 1
12 -1 8
13 -1 3
13 1 2
13 2 1
14 -2 1
14 -1 1
15 -3 2
15 -2 5
15 -1 4
16 -3 1
16 -1 2
17 -5 1
17 -2 1
17 -1 1
17 1 2
18 -3 1
18 -2 3
18 -1 3
19 -3 1
19 -1 4
20 -1 1
20 1 3
21 -6 1
21 -2 1
21 -1 2
21 1 1
22 -5 1
22 -4 1
22 -3 1
22 -2 2
22 -1 21
22 1 1
23 -3 1
23 -2 1
23 -1 2
23 1 1
24 -4 2
24 1 2
25 -2 5
25 -1 18
25 3 1
26 -5 1
26 -3 1
26 -2 9
26 -1 23
26 1 1
27 -2 1
27 -1 1
28 -1 6
29 -3 1
29 -1 1
29 1 1
30 -1 5
31 -6 1
33 -3 1
33 -2 3
34 -3 1
34 -2 4
34 -1 31
35 -2 1
35 -1 15
35 1 1
36 -2 1
37 -4 2
37 -1 7
38 -1 3
39 -1 2
39 1 1
41 -4 1
41 -1 2
42 -4 1
42 -1 2
42 1 1
43 2 1
44 -1 4
45 -3 1
45 -1 2
45 1 1
46 -1 15
47 1 1
48 -7 1
48 -4 1
48 -1 5
49 -5 1
49 -4 2
49 -2 3
49 -1 5
51 -2 1
51 -1 2
52 -15 1
52 -1 2
53 1 1
54 -11 1
54 -1 6
55 -2 2
55 -1 4
56 -4 1
56 -1 4
56 1 1
58 -2 1
58 -1 10
59 -4 1
59 -3 1
59 -2 1
59 -1 6
61 -2 2
61 -1 6
62 -4 1
62 -3 1
62 -1 6
63 -3 1
63 1 1
65 -1 10
66 -4 1
66 -3 1
66 -1 1
66 1 2
67 -4 1
67 -3 3
67 -1 1
67 3 1
69 -3 2
70 -2 3
70 -1 14
71 -1 2
72 1 2
73 -3 1
73 -2 5
73 -1 18
74 -5 2
74 -4 1
74 -3 1
74 -1 21
75 -2 1
75 -1 2
76 -1 2
77 -8 1
77 -3 1
77 -2 1
77 -1 4
78 -6 1
78 -2 4
78 -1 5
79 -1 11
80 -4 2
80 -2 1
80 -1 4
82 -2 3
82 -1 22
83 -1 12
84 -3 2
84 1 1
85 -5 1
86 -1 12
88 -2 1
88 -1 23
90 -1 24
91 1 1
91 2 1
