ROI: mrcA
Phase: 1
Total nodes checked: 3245543
Total variants found: 702983
0 T 1
0 N 3799
1 N 16883
2 A 6
2 C 1
2 T 1
2 N 4085
3 N 2959
4 N 6474
5 A 48
5 G 1
5 T 3
5 N 2978
6 N 6954
7 A 21
7 T 1
7 N 4071
8 A 1
8 N 6254
9 A 5
9 N 6034
10 A 52
10 N 5654
11 A 14
11 C 2
11 N 5473
12 A 37
12 G 1
12 N 5614
13 A 1
13 C 1
13 N 10595
14 A 10
14 T 1
14 N 4832
15 A 1
15 N 4851
16 C 1
16 G 1
16 N 37438
17 A 7
17 T 2
17 N 12296
18 G 2
18 N 13740
19 A 33
19 T 4
19 N 7224
20 A 4
20 C 2
20 T 2
20 N 6673
21 G 3
21 N 7670
22 A 2
22 C 1
22 N 4244
23 A 30
23 T 2
23 N 11135
24 C 3
24 T 1
24 N 4123
25 N 5234
26 A 3
26 G 1
26 N 10950
27 A 33
27 T 5
27 N 3117
28 A 32
28 G 1
28 T 3
28 N 7043
29 A 25
29 C 3
29 T 1
29 N 6225
30 A 50
30 G 3
30 T 3
30 N 6353
31 C 3
31 G 1
31 N 6029
32 N 4428
33 T 1
33 N 5036
34 N 8593
35 A 36
35 T 4
35 N 3970
36 A 9
36 C 3
36 N 5987
37 A 5
37 N 5416
38 G 3
38 N 23935
39 A 12
39 T 3
39 N 8655
40 A 41
40 G 3
40 T 2
40 N 6230
41 A 30
41 N 5732
42 A 17
42 C 3
42 T 1
42 N 6941
43 C 2
43 G 3
43 N 7516
44 N 5184
45 T 3
45 N 3641
46 A 3
46 N 6231
47 A 4
47 T 3
47 N 6073
48 A 4
48 C 1
48 T 1
48 N 7910
49 A 55
49 G 3
49 T 1
49 N 8269
50 A 7
50 C 3
50 N 5355
51 A 52
51 G 3
51 N 5295
52 C 3
52 N 4582
53 A 12
53 T 3
53 N 4725
54 A 2
54 T 1
54 N 11754
55 C 2
55 G 3
55 N 11837
56 A 21
56 G 2
56 T 4
56 N 5674
57 A 15
57 C 3
57 N 5453
58 A 5
58 T 2
58 N 5404
59 G 4
59 N 14806
60 A 11
60 T 3
60 N 6338
61 C 1
61 N 5164
62 A 6
62 G 3
62 T 1
62 N 4638
63 C 4
63 N 4778
64 N 3926
65 G 1
65 N 4867
66 A 2
66 T 4
66 N 4707
67 G 3
67 T 1
67 N 10465
68 A 3
68 N 15004
69 N 4720
70 N 10102
71 A 15
71 G 1
71 T 3
71 N 14924
72 C 3
72 N 5833
73 N 6167
74 A 3
74 N 60693
75 A 22
75 T 3
75 N 6784
76 C 3
76 G 1
76 N 9126
77 A 3
77 N 2486
78 G 3
78 N 4783
79 A 5
79 N 2753
80 A 33
80 G 3
80 T 1
80 N 4333
81 C 3
81 G 1
81 N 7725
82 N 10264
83 A 3
83 N 2224
84 G 2
84 N 5872
85 N 3908
86 N 4300
87 T 2
87 N 4287
88 G 1
88 N 5110
89 A 17
89 G 1
89 T 2
89 N 2796
90 A 10
90 T 1
90 N 10922
0 -2 1
0 -1 5
0 2 1
1 -1 1
2 -3 1
2 -2 1
2 -1 2
3 3 1
4 -1 3
5 -8 1
5 -1 7
6 -2 2
7 -13 1
7 -1 6
7 1 1
9 -4 1
9 -2 1
9 -1 2
10 -2 1
10 -1 4
11 -2 1
11 -1 1
11 1 1
12 -1 2
13 -1 2
14 -16 1
15 -76 1
15 -3 1
15 -1 6
16 -4 1
16 -1 1
17 -5 1
17 -1 1
18 -7 1
18 -1 1
19 -1 2
20 -1 1
21 -2 1
21 -1 3
22 -3 1
22 -2 6
22 -1 6
23 -3 1
23 -1 1
24 1 1
25 -2 3
25 -1 6
26 -2 1
26 -1 15
27 -2 1
27 1 1
28 -3 1
28 -1 4
29 -1 1
30 -2 1
30 -1 5
31 1 1
33 -2 1
34 -4 1
34 -3 1
34 -2 1
34 -1 15
35 -2 2
35 -1 2
35 1 1
36 1 1
37 -2 1
37 -1 2
38 -4 1
38 -1 2
39 -2 1
39 -1 2
40 -2 1
41 -2 1
41 -1 3
42 1 2
44 -1 3
45 -2 1
45 -1 1
46 -1 7
48 -1 3
49 -2 1
49 -1 1
50 -1 1
50 1 1
51 -2 1
51 -1 3
52 -1 1
53 -1 1
54 -1 1
55 -1 2
55 1 1
56 -1 1
56 1 1
58 -1 2
59 -1 6
61 -1 4
62 -1 3
64 -4 1
64 -2 1
65 -1 1
66 -1 1
67 -6 1
67 -1 1
70 -1 2
71 -1 2
71 1 1
73 -2 1
73 -1 4
74 -6 1
74 -5 1
74 -2 1
74 -1 4
74 1 1
76 -1 1
77 -1 10
78 -1 2
79 -1 5
80 -1 2
82 -3 1
82 -1 3
83 -1 6
84 -6 1
84 -3 1
86 -1 3
87 1 1
88 -1 3
90 -1 1
91 1 2
