ROI: mrcA
Phase: 5
Total nodes checked: 33384
Total variants found: 15873
0 N 46
1 N 209
2 C 1
2 N 32
3 N 36
4 N 69
5 A 2
5 T 1
5 N 30
6 N 48
7 N 43
8 A 2
8 N 66
9 N 47
10 T 2
10 N 64
11 N 52
12 T 2
12 N 49
13 N 152
14 N 118
15 N 90
16 N 645
17 N 80
18 N 94
19 N 100
20 C 1
20 N 88
21 N 166
22 N 68
23 A 1
23 N 121
24 N 61
25 N 75
26 N 66
27 T 1
27 N 87
28 A 1
28 T 1
28 N 126
29 N 501
30 T 1
30 N 132
31 N 102
32 N 103
33 N 88
34 N 134
35 N 68
36 N 93
37 N 100
38 N 426
39 C 1
39 N 114
40 N 181
41 N 78
42 N 69
43 N 206
44 N 90
45 N 44
46 N 113
47 N 75
48 N 89
49 N 132
50 N 75
51 N 137
52 N 5351
53 N 116
54 N 107
55 N 85
56 N 110
57 N 85
58 N 105
59 N 292
60 N 89
61 N 67
62 N 77
63 N 108
64 N 195
65 N 98
66 N 370
67 N 142
68 N 120
69 N 91
70 N 82
71 N 109
72 N 106
73 N 106
74 C 1
74 N 46
75 A 1
75 N 82
76 G 1
76 N 101
77 A 1
77 N 31
78 G 1
78 N 85
79 C 1
79 N 67
80 A 1
80 T 1
80 N 61
81 N 100
82 N 130
83 N 56
84 C 1
84 N 176
85 N 98
86 N 70
87 N 70
88 N 119
89 N 58
90 N 108
0 -1 3
1 -2 1
1 -1 1
1 1 1
2 -1 2
3 -87 1
4 -2 3
4 -1 10
5 -8 1
5 -2 1
5 -1 10
5 1 2
6 -5 1
6 -2 1
7 -4 1
7 -2 1
7 1 1
8 1 1
9 -7 1
9 -4 1
9 -3 2
9 -1 7
10 -6 1
10 -2 1
10 -1 2
10 1 2
11 -3 1
11 -2 1
11 -1 1
11 1 1
12 -11 1
12 -1 5
13 -2 1
13 -1 1
13 1 1
15 -3 2
15 -1 4
16 -1 5
16 1 1
17 -6 1
17 -2 1
17 -1 5
18 -3 1
18 -1 3
19 -1 2
21 -1 1
22 -3 2
22 -2 1
22 -1 7
24 1 1
25 -2 4
25 -1 9
26 -2 3
26 -1 12
27 -2 1
28 -7 1
28 -4 1
28 -1 3
29 -1 2
29 1 1
30 -2 1
30 -1 5
30 1 1
34 -2 5
34 -1 8
35 -1 2
36 -5 1
36 1 1
37 -2 1
37 -1 1
38 -2 1
38 -1 1
39 -2 1
42 -1 1
43 1 1
44 -3 1
44 -1 2
45 -30 1
45 -1 1
45 1 1
46 -5 1
46 -2 1
46 -1 8
48 -3 3
48 -2 1
48 -1 5
49 -3 1
49 -1 1
50 -2 1
51 -2 1
51 -1 1
52 1 1
53 -2 1
54 -1 5
55 -1 2
56 -4 1
56 -1 1
60 -4 1
61 -6 1
61 -1 2
62 -7 1
62 -1 3
63 1 2
65 -2 1
65 -1 1
66 -6 1
66 1 1
67 -7 2
70 -1 8
71 1 1
72 -2 1
73 -4 1
73 -1 8
74 -1 11
75 -2 1
76 -3 1
77 -5 1
77 -1 2
78 -5 1
78 -3 1
78 -1 3
82 -1 6
83 -5 1
83 -1 4
85 -3 1
86 -2 1
86 -1 4
88 -2 1
88 -1 5
90 -1 3
