ROI: mrcA
Phase: 7
Total nodes checked: 903688
Total variants found: 283503
0 A 1
0 N 596
1 N 4045
2 A 1
2 N 1730
3 G 1
3 N 812
4 N 4096
5 A 8
5 T 2
5 N 569
6 N 1704
7 A 4
7 T 1
7 N 901
8 C 1
8 N 1472
9 C 1
9 N 1395
10 A 11
10 G 1
10 T 1
10 N 1578
11 A 1
11 C 2
11 N 3050
12 A 1
12 T 1
12 N 9440
13 C 2
13 G 1
13 N 2792
14 A 3
14 T 1
14 N 2572
15 A 1
15 C 1
15 T 1
15 N 2139
16 G 2
16 N 7774
17 A 2
17 T 2
17 N 1958
18 C 1
18 G 1
18 N 2727
19 A 4
19 G 1
19 T 1
19 N 2877
20 A 2
20 C 2
20 N 2533
21 G 1
21 T 1
21 N 5227
22 A 2
22 C 2
22 N 3088
23 A 14
23 T 3
23 N 2504
24 C 2
24 N 1791
25 T 2
25 N 2083
26 A 1
26 C 2
26 N 2093
27 A 8
27 T 2
27 N 1775
28 A 5
28 G 2
28 N 2432
29 A 1
29 C 4
29 N 5179
30 A 6
30 G 1
30 N 2512
31 C 1
31 N 2454
32 N 2191
33 N 2536
34 C 2
34 N 10994
35 A 7
35 G 3
35 N 787
36 C 1
36 N 3254
37 T 3
37 N 2743
38 G 4
38 N 15173
39 C 3
39 T 1
39 N 2199
40 A 10
40 G 1
40 N 2151
41 A 4
41 G 3
41 N 2551
42 C 1
42 T 4
42 N 1474
43 G 1
43 N 3410
44 A 3
44 N 1614
45 T 4
45 N 1949
46 A 1
46 G 3
46 N 1945
47 T 1
47 N 2380
48 C 3
48 N 2398
49 A 8
49 G 4
49 N 2716
50 C 4
50 N 2049
51 A 12
51 G 1
51 T 4
51 N 3249
52 C 1
52 G 3
52 N 1590
53 A 1
53 T 2
53 N 2223
54 T 3
54 N 2443
55 C 2
55 G 1
55 N 12339
56 A 7
56 G 2
56 T 1
56 N 1520
57 A 1
57 C 1
57 N 2422
58 A 1
58 T 2
58 N 1990
59 G 3
59 N 20479
60 A 1
60 T 1
60 N 3488
61 A 1
61 C 2
61 N 2107
62 G 1
62 T 2
62 N 4577
63 C 1
63 N 3234
64 N 3218
65 G 2
65 N 3586
66 A 2
66 T 1
66 N 1641
67 G 1
67 T 2
67 N 3107
68 A 1
68 N 1848
69 N 1817
70 C 1
70 N 2661
71 A 2
71 T 1
71 N 2139
72 C 1
72 N 2236
73 G 1
73 T 1
73 N 2505
74 A 1
74 C 1
74 N 2183
75 A 4
75 T 1
75 N 1728
76 C 1
76 G 2
76 N 1931
77 A 2
77 N 5260
78 G 3
78 N 2453
79 A 2
79 C 1
79 N 1813
80 A 2
80 G 2
80 N 2448
81 C 2
81 N 2971
82 G 1
82 N 3423
83 A 1
83 T 1
83 N 1386
84 G 1
84 N 4842
85 N 1901
86 A 1
86 N 1984
87 T 1
87 N 2066
88 C 1
88 N 2720
89 A 4
89 N 2240
90 A 1
90 N 2362
0 -28 1
0 -1 14
1 -2 1
1 -1 6
2 -3 1
2 -2 1
2 -1 2
3 -6 1
3 -2 2
4 -3 1
4 -2 5
4 -1 22
5 -2 4
5 -1 22
5 1 1
6 -2 1
6 -1 4
7 -18 1
7 -1 1
7 1 2
8 -1 1
8 1 1
9 -3 1
9 -2 1
9 -1 6
10 -6 1
10 -5 1
10 -2 2
10 -1 5
11 -7 1
11 -2 1
11 -1 6
12 -3 1
12 -2 3
12 -1 2
12 1 1
13 -1 2
13 1 4
14 1 1
15 -4 1
15 -3 1
15 -1 6
16 -6 1
16 -2 1
16 -1 5
16 1 3
17 -2 1
17 -1 4
18 -9 1
18 -4 1
18 -3 1
18 -1 2
18 1 1
19 -2 3
19 -1 2
19 1 2
20 -6 1
20 -2 1
20 1 3
21 -1 3
22 -3 3
22 -2 1
22 -1 15
23 -1 3
24 -4 1
24 1 1
25 -6 1
25 -3 1
25 -2 3
25 -1 28
26 -11 1
26 -7 2
26 -4 1
26 -2 4
26 -1 24
27 -2 1
27 1 1
28 -5 1
28 -1 3
29 -2 1
29 1 3
30 -3 1
30 -2 1
30 -1 2
33 -2 1
34 -2 2
34 -1 30
35 -3 2
35 -2 1
35 -1 8
36 1 1
37 -6 1
37 -1 3
38 -3 1
38 -2 2
38 -1 1
39 -5 1
39 1 1
40 1 1
41 -2 1
41 -1 4
42 1 2
43 -2 1
43 1 1
44 -5 1
44 -4 1
44 -1 7
45 -1 2
46 -3 1
46 -1 12
47 -4 1
47 -2 2
47 1 1
48 -2 1
48 -1 6
49 -5 1
49 -1 3
50 -2 1
50 -1 1
50 1 2
51 -1 3
52 -10 1
53 1 2
54 -1 5
55 -3 1
55 -2 1
55 -1 2
55 1 1
56 -4 4
56 -1 1
56 1 1
58 -4 1
58 -1 3
58 2 1
59 -3 2
59 1 1
60 1 1
61 -2 2
61 -1 9
62 -10 1
62 -6 1
62 -4 1
62 -1 2
64 -2 1
65 -1 6
66 -2 1
66 -1 1
66 1 2
67 -2 1
67 -1 3
67 1 1
68 -3 1
68 1 1
69 -3 2
70 -2 1
70 -1 19
71 -1 2
71 1 2
72 1 1
73 -2 1
73 -1 20
74 -2 2
74 -1 15
74 1 1
75 -3 1
76 -4 1
76 -1 4
76 1 2
77 -2 1
77 -1 12
78 -5 1
78 -2 1
78 -1 1
78 1 1
79 -1 7
80 -5 1
80 -1 4
80 1 1
82 -2 1
82 -1 16
83 -5 1
83 -1 18
84 -4 1
86 -1 8
87 -3 1
87 -2 1
87 1 2
88 -2 1
88 -1 20
90 -1 18
91 1 1
