ROI: mrcA
Phase: 3
Total nodes checked: 244149
Total variants found: 132273
0 N 250
1 N 811
2 N 450
3 N 293
4 N 589
5 N 317
6 N 369
7 N 345
8 N 552
9 A 1
9 N 409
10 A 2
10 N 363
11 N 369
12 N 402
13 N 887
14 N 594
15 A 2
15 T 1
15 N 1335
16 G 1
16 N 4344
17 T 1
17 N 985
18 C 1
18 N 1335
19 A 1
19 G 1
19 N 1113
20 A 1
20 C 1
20 N 1095
21 T 1
21 N 1328
22 C 1
22 N 351
23 A 1
23 N 1640
24 N 1175
25 T 1
25 N 1245
26 C 1
26 N 2884
27 A 2
27 N 1203
28 G 1
28 T 1
28 N 1493
29 C 1
29 N 4687
30 A 2
30 T 1
30 N 1493
31 N 1112
32 N 777
33 N 1017
34 C 1
34 N 1864
35 A 1
35 G 1
35 N 1049
36 N 1639
37 T 1
37 N 1216
38 G 1
38 N 2519
39 C 1
39 N 1318
40 A 1
40 N 1336
41 G 1
41 N 1232
42 T 1
42 N 1322
43 N 2044
44 N 1278
45 N 653
46 N 1494
47 N 1293
48 N 1389
49 A 2
49 N 704
50 N 954
51 A 3
51 N 1380
52 N 1317
53 N 1316
54 N 1394
55 N 1716
56 A 3
56 N 8556
57 A 1
57 N 1393
58 N 1319
59 N 6874
60 N 1293
61 N 1420
62 N 565
63 N 1055
64 N 917
65 N 1078
66 N 4378
67 N 4578
68 N 2251
69 N 1321
70 N 1440
71 N 1118
72 N 1650
73 N 1779
74 N 1323
75 N 1207
76 G 1
76 N 1417
77 N 845
78 N 1428
79 N 579
80 N 1114
81 N 1294
82 N 1561
83 N 1070
84 N 1919
85 N 1269
86 N 1246
87 N 1033
88 N 1346
89 A 1
89 N 953
90 A 1
90 N 1492
0 -57 1
0 -2 1
0 -1 2
1 -59 1
1 -1 1
2 -1 1
4 -3 1
4 -2 1
4 -1 2
5 -7 1
5 -4 1
5 -2 2
5 -1 2
7 -1 4
9 -1 3
10 -1 2
12 -4 1
12 1 1
16 -1 2
16 1 1
17 -3 1
17 1 1
19 -1 1
19 1 1
21 -1 1
22 -6 1
22 -1 2
23 1 1
25 -1 4
26 -6 1
26 -2 1
26 -1 4
27 1 1
28 -1 1
30 -1 1
34 -4 1
34 -2 1
34 -1 5
35 -1 1
37 -1 1
39 -2 1
40 -2 1
41 -1 1
42 1 1
45 -8 1
46 -1 1
48 -1 1
49 -1 1
50 -1 2
51 -1 1
54 -1 1
55 1 1
58 -1 2
61 -20 1
61 -1 1
62 -1 2
63 1 1
65 -1 1
66 -2 1
67 -4 1
67 -1 2
70 -1 1
73 -1 4
74 -1 3
77 -2 1
77 -1 3
78 -5 1
82 -1 1
86 -1 1
88 -1 2
90 -1 1
91 1 1
