ROI: mrcA
Phase: 3
Total nodes checked: 451501
Total variants found: 198790
0 N 360
1 N 1253
2 N 681
3 N 445
4 N 950
5 A 1
5 N 476
6 C 1
6 N 591
7 A 1
7 T 1
7 N 516
8 C 1
8 N 843
9 A 3
9 N 639
10 A 5
10 G 1
10 N 553
11 C 1
11 N 573
12 G 1
12 N 613
13 C 1
13 N 1425
14 T 1
14 N 939
15 A 3
15 T 1
15 N 2052
16 G 2
16 N 6471
17 T 2
17 N 1496
18 C 1
18 G 1
18 N 2028
19 A 1
19 G 1
19 T 1
19 N 1661
20 A 1
20 C 2
20 N 1628
21 G 1
21 T 1
21 N 1962
22 A 1
22 C 1
22 N 537
23 A 4
23 N 2469
24 N 1734
25 T 1
25 N 1865
26 C 1
26 N 4402
27 A 5
27 N 1786
28 A 2
28 G 1
28 T 1
28 N 2201
29 C 1
29 N 7141
30 A 2
30 T 1
30 N 2200
31 N 1690
32 N 1144
33 N 1499
34 C 1
34 N 2778
35 A 2
35 G 1
35 N 1534
36 N 2394
37 T 1
37 N 1850
38 G 1
38 N 3765
39 A 1
39 C 1
39 N 1931
40 A 3
40 N 2045
41 A 2
41 G 1
41 N 1833
42 T 1
42 N 1962
43 N 3016
44 N 1896
45 N 968
46 N 2178
47 N 1945
48 N 2073
49 A 4
49 N 1069
50 N 1440
51 A 3
51 T 1
51 N 2047
52 N 1968
53 N 1941
54 N 2083
55 N 2530
56 A 5
56 N 13452
57 A 1
57 N 2072
58 N 1947
59 N 10412
60 N 1928
61 N 2131
62 N 823
63 N 1596
64 N 1349
65 N 1595
66 N 6669
67 N 6874
68 N 3275
69 N 1949
70 N 2180
71 A 2
71 G 1
71 N 1674
72 G 1
72 N 2478
73 N 2637
74 N 1959
75 A 1
75 N 1813
76 G 1
76 N 2105
77 N 1267
78 N 2151
79 N 882
80 N 1655
81 N 1919
82 N 2322
83 N 1561
84 N 2835
85 N 1888
86 N 1830
87 N 1538
88 N 2021
89 A 3
89 T 1
89 N 1408
90 A 4
90 T 2
90 N 2248
0 -57 1
0 -28 1
0 -2 1
0 -1 4
1 -59 1
1 -1 1
2 -5 1
2 -1 1
4 -3 1
4 -2 1
4 -1 2
5 -7 1
5 -4 1
5 -3 1
5 -2 2
5 -1 2
7 -1 4
9 -1 4
10 -5 1
10 -1 3
12 -4 1
12 -1 1
12 1 1
13 -1 1
13 4 1
16 -1 3
16 1 1
17 -3 1
17 1 1
18 -1 2
19 -2 1
19 -1 2
19 1 1
20 -2 1
21 -1 1
22 -6 1
22 -2 1
22 -1 5
23 -2 1
23 -1 1
23 1 1
24 1 1
25 -1 4
26 -6 1
26 -2 1
26 -1 5
27 -5 1
27 1 1
28 -1 1
29 1 1
30 -1 1
34 -4 1
34 -2 2
34 -1 9
35 -1 2
35 1 1
37 -1 2
38 -2 1
39 -2 1
40 -2 2
41 -1 2
42 -1 1
42 1 1
44 -3 1
44 -1 1
45 -8 1
45 -3 1
45 -1 1
46 -1 2
48 -1 2
49 -1 1
50 -1 2
51 -1 1
52 -1 1
54 -1 2
55 -1 1
55 1 1
58 -1 2
59 -2 1
61 -20 1
61 -1 2
62 -1 2
63 1 1
65 -1 1
66 -2 1
67 -4 1
67 -1 3
69 -4 1
70 -1 4
73 -1 5
74 -1 4
77 -2 1
77 -1 6
78 -5 1
78 -1 1
79 -1 3
80 -3 1
80 -1 1
82 -1 1
83 -1 1
86 -1 1
88 -1 4
90 -1 2
91 1 1
