ROI: mrcA
Phase: 1
Total nodes checked: 2926047
Total variants found: 677740
0 N 3659
1 N 16260
2 A 3
2 C 1
2 N 3949
3 N 2849
4 N 6229
5 A 35
5 T 3
5 N 2886
6 N 6702
7 A 14
7 T 1
7 N 3932
8 N 6032
9 A 3
9 N 5847
10 A 42
10 N 5464
11 A 9
11 C 2
11 N 5278
12 A 24
12 N 5413
13 N 10210
14 A 5
14 N 4656
15 A 1
15 N 4696
16 N 36059
17 A 3
17 T 1
17 N 11861
18 G 1
18 N 13266
19 A 22
19 T 3
19 N 6984
20 A 3
20 C 1
20 N 6472
21 G 2
21 N 7409
22 A 1
22 N 4076
23 A 25
23 T 1
23 N 10770
24 C 1
24 T 1
24 N 3987
25 N 5034
26 A 1
26 G 1
26 N 10575
27 A 27
27 T 3
27 N 3005
28 A 28
28 T 2
28 N 6799
29 A 15
29 C 1
29 N 5976
30 A 38
30 G 1
30 T 3
30 N 6106
31 C 1
31 G 1
31 N 5817
32 N 4288
33 N 4841
34 N 8298
35 A 25
35 T 2
35 N 3801
36 A 1
36 C 1
36 N 5761
37 A 1
37 N 5248
38 G 1
38 N 23005
39 A 8
39 T 1
39 N 8383
40 A 39
40 G 1
40 T 1
40 N 6033
41 A 15
41 N 5516
42 A 7
42 C 1
42 N 6704
43 C 1
43 G 1
43 N 7265
44 N 4994
45 T 1
45 N 3529
46 A 1
46 N 6017
47 A 1
47 T 1
47 N 5850
48 A 2
48 N 7597
49 A 44
49 G 1
49 N 7982
50 A 5
50 C 1
50 N 5174
51 A 33
51 G 1
51 N 5094
52 C 1
52 N 4415
53 A 8
53 T 1
53 N 4547
54 T 1
54 N 11355
55 C 2
55 G 1
55 N 11436
56 A 16
56 G 2
56 T 2
56 N 5457
57 A 8
57 C 1
57 N 5265
58 A 3
58 T 2
58 N 5196
59 G 2
59 N 14219
60 A 6
60 T 1
60 N 6121
61 C 1
61 N 4972
62 A 2
62 G 1
62 T 1
62 N 4470
63 C 1
63 N 4604
64 N 3788
65 G 1
65 N 4700
66 A 2
66 T 1
66 N 4477
67 G 1
67 T 1
67 N 10094
68 A 1
68 N 14535
69 N 4548
70 N 9786
71 A 11
71 T 1
71 N 14335
72 C 1
72 N 5650
73 N 5961
74 A 1
74 N 58656
75 A 15
75 T 1
75 N 6541
76 C 1
76 N 8812
77 A 1
77 N 2409
78 G 1
78 N 4604
79 A 1
79 N 2662
80 A 24
80 G 1
80 T 1
80 N 4159
81 C 1
81 G 1
81 N 7457
82 N 9927
83 A 1
83 N 2142
84 G 1
84 N 5643
85 N 3779
86 N 4156
87 T 1
87 N 4101
88 G 1
88 N 4932
89 A 12
89 T 2
89 N 2708
90 A 4
90 N 10566
0 -2 1
0 -1 4
1 -1 1
2 -3 1
2 -2 1
2 -1 2
3 3 1
4 -1 3
5 -1 6
6 -2 1
7 -1 6
7 1 1
9 -4 1
9 -2 1
9 -1 2
10 -1 3
11 -2 1
11 1 1
12 -1 1
13 -1 1
14 -16 1
15 -3 1
15 -1 5
16 -1 1
17 -5 1
17 -1 1
18 -7 1
18 -1 1
19 -1 2
21 -2 1
21 -1 3
22 -3 1
22 -2 5
22 -1 6
23 -3 1
23 -1 1
25 -2 3
25 -1 4
26 -2 1
26 -1 12
27 -2 1
27 1 1
28 -3 1
28 -1 3
29 -1 1
30 -1 5
31 1 1
33 -2 1
34 -4 1
34 -3 1
34 -2 1
34 -1 13
35 -2 1
35 -1 1
35 1 1
36 1 1
37 -2 1
37 -1 2
38 -4 1
38 -1 1
39 -2 1
39 -1 2
40 -2 1
41 -2 1
41 -1 2
42 1 2
44 -1 3
45 -2 1
45 -1 1
46 -1 7
48 -1 3
49 -2 1
49 -1 1
50 -1 1
50 1 1
51 -2 1
51 -1 3
52 -1 1
53 -1 1
54 -1 1
55 -1 1
55 1 1
56 -1 1
58 -1 2
59 -1 6
61 -1 4
62 -1 3
64 -4 1
64 -2 1
65 -1 1
66 -1 1
67 -6 1
67 -1 1
70 -1 2
71 -1 2
71 1 1
73 -2 1
73 -1 3
74 -6 1
74 -5 1
74 -2 1
74 -1 2
76 -1 1
77 -1 9
79 -1 4
80 -1 2
82 -3 1
82 -1 2
83 -1 4
84 -6 1
86 -1 2
87 1 1
88 -1 3
90 -1 1
91 1 2
