ROI: mrcA
Phase: 6
Total nodes checked: 452877
Total variants found: 113093
0 N 321
1 N 1478
2 N 504
3 N 437
4 N 1124
5 A 3
5 T 2
5 N 402
6 N 814
7 A 2
7 N 402
8 C 1
8 N 556
9 C 1
9 N 626
10 A 1
10 N 812
11 A 3
11 C 1
11 N 691
12 A 2
12 T 1
12 N 1306
13 N 829
14 A 3
14 N 853
15 N 1007
16 N 6145
17 A 1
17 N 950
18 N 1836
19 A 3
19 N 1303
20 N 1043
21 T 1
21 N 1556
22 N 590
23 N 1043
24 G 1
24 N 743
25 N 965
26 N 915
27 A 7
27 N 771
28 A 4
28 N 1468
29 C 1
29 N 975
30 A 1
30 T 1
30 N 770
31 N 1053
32 N 1181
33 N 1692
34 N 2056
35 A 4
35 T 1
35 N 766
36 A 1
36 N 1021
37 A 1
37 C 1
37 N 1741
38 N 4018
39 N 1252
40 A 8
40 N 637
41 A 1
41 N 967
42 N 721
43 N 1748
44 N 1033
45 N 1016
46 N 1189
47 N 915
48 A 1
48 N 967
49 A 9
49 N 970
50 N 892
51 A 4
51 N 847
52 N 3905
53 N 1023
54 N 1025
55 N 967
56 A 2
56 N 895
57 N 920
58 C 1
58 N 1065
59 N 4651
60 N 902
61 N 997
62 A 1
62 N 724
63 N 3049
64 N 1107
65 N 1853
66 N 4324
67 N 1174
68 N 1224
69 N 857
70 N 917
71 A 1
71 G 2
71 N 1095
72 G 1
72 N 1007
73 G 1
73 N 1170
74 N 871
75 A 2
75 N 470
76 N 1390
77 N 631
78 N 970
79 N 1382
80 A 1
80 N 865
81 N 1179
82 N 1755
83 N 671
84 N 1548
85 N 1357
86 N 803
87 G 1
87 N 803
88 N 889
89 A 2
89 N 594
90 A 2
90 N 1754
0 -90 1
0 -4 1
0 -1 7
4 -2 1
4 -1 6
5 -2 3
5 -1 6
6 -1 1
6 1 2
7 -7 1
7 -3 1
7 -2 1
7 -1 2
9 -1 1
10 -5 1
10 -3 1
10 -1 1
10 1 2
11 -2 2
11 1 1
12 -2 1
12 -1 3
14 -2 1
14 -1 1
15 -2 1
15 -1 2
16 -3 1
16 -1 2
18 -2 1
18 -1 3
19 -3 1
19 -1 1
20 1 2
21 -6 1
21 -2 1
21 -1 1
21 1 1
22 -5 1
22 -2 2
22 -1 9
23 -3 1
23 -2 1
23 -1 1
24 1 1
25 -2 3
25 -1 4
25 3 1
26 -5 1
26 -2 5
26 -1 11
27 -2 1
27 -1 1
28 -1 1
29 -3 1
30 -1 2
31 -6 1
33 -2 1
34 -2 1
34 -1 18
35 -1 7
37 -4 1
37 -1 4
38 -1 1
39 -1 1
41 -4 1
41 -1 1
42 -1 1
44 -1 1
45 -3 1
46 -1 7
47 1 1
48 -1 3
49 -5 1
49 -4 1
49 -2 2
49 -1 2
51 -2 1
51 -1 1
52 -1 2
53 1 1
54 -11 1
55 -2 2
55 -1 3
56 -4 1
56 -1 2
56 1 1
58 -1 4
59 -4 1
59 -3 1
59 -2 1
59 -1 1
61 -2 1
61 -1 1
62 -4 1
62 -3 1
62 -1 2
63 1 1
65 -1 5
66 -4 1
66 -1 1
66 1 1
67 -4 1
67 -3 1
69 -3 1
70 -2 1
70 -1 7
71 -1 2
72 1 1
73 -3 1
73 -2 3
73 -1 8
74 -5 1
74 -4 1
74 -1 10
75 -2 1
75 -1 2
76 -1 1
77 -8 1
77 -3 1
77 -2 1
78 -6 1
78 -1 3
79 -1 4
80 -4 2
80 -1 2
82 -1 10
83 -1 5
84 -3 1
86 -1 5
88 -1 10
90 -1 9
