ROI: mrcA
Phase: 8
Total nodes checked: 512981
Total variants found: 193495
0 A 1
0 N 343
1 N 2030
2 A 1
2 N 461
3 N 848
4 N 1580
5 A 5
5 T 2
5 N 255
6 C 1
6 N 1208
7 T 2
7 N 418
8 C 2
8 T 1
8 N 690
9 C 1
9 N 621
10 A 13
10 G 1
10 T 2
10 N 1191
11 A 1
11 C 1
11 N 1295
12 G 1
12 T 1
12 N 719
13 C 3
13 N 540
14 A 3
14 T 3
14 N 695
15 A 1
15 N 821
16 G 3
16 N 6024
17 A 1
17 T 3
17 N 876
18 G 3
18 N 1483
19 A 2
19 T 3
19 N 1331
20 A 1
20 C 3
20 N 17431
21 G 3
21 N 1904
22 A 3
22 G 1
22 N 939
23 A 6
23 T 3
23 N 986
24 C 3
24 N 781
25 N 624
26 A 4
26 N 942
27 A 3
27 T 5
27 N 690
28 A 3
28 T 3
28 N 865
29 A 1
29 C 4
29 N 589
30 A 4
30 G 4
30 T 1
30 N 1371
31 C 4
31 N 933
32 N 697
33 N 641
34 G 1
34 N 4327
35 A 10
35 T 1
35 N 1959
36 C 3
36 N 967
37 N 1298
38 G 4
38 N 7863
39 C 1
39 T 3
39 N 930
40 A 9
40 G 4
40 T 1
40 N 775
41 A 2
41 N 916
42 C 4
42 N 628
43 G 4
43 N 2087
44 N 943
45 T 4
45 N 837
46 A 4
46 G 1
46 N 970
47 T 4
47 N 843
48 C 1
48 N 1099
49 A 8
49 G 5
49 T 1
49 N 4312
50 C 5
50 N 898
51 A 3
51 G 4
51 T 2
51 N 623
52 C 5
52 G 1
52 N 471
53 T 5
53 N 931
54 T 2
54 N 739
55 C 1
55 G 5
55 N 57860
56 A 5
56 G 1
56 T 5
56 N 796
57 A 1
57 C 4
57 N 909
58 A 1
58 T 1
58 N 710
59 G 5
59 N 3798
60 T 4
60 N 855
61 C 1
61 N 7601
62 G 3
62 T 2
62 N 696
63 C 3
63 N 2149
64 N 1373
65 G 2
65 N 770
66 A 2
66 T 3
66 N 545
67 G 3
67 T 2
67 N 3865
68 A 3
68 N 771
69 A 1
69 N 1079
70 C 2
70 N 765
71 A 3
71 G 1
71 T 3
71 N 785
72 C 3
72 N 828
73 T 1
73 N 998
74 A 2
74 C 1
74 N 678
75 A 3
75 T 1
75 N 647
76 C 1
76 N 873
77 A 1
77 N 695
78 G 1
78 N 1620
79 A 1
79 N 673
80 A 3
80 G 1
80 N 954
81 C 1
81 N 990
82 N 1495
83 A 1
83 N 1826
84 G 1
84 N 1880
85 N 944
86 N 659
87 T 1
87 N 788
88 N 2082
89 A 1
89 N 617
90 A 3
90 N 856
0 -30 1
0 -2 1
0 -1 7
0 1 1
1 -90 1
1 -7 1
1 -2 1
1 -1 4
2 -2 1
2 -1 1
2 1 1
4 -4 1
4 -2 2
4 -1 16
5 -2 2
5 -1 14
6 -2 2
6 -1 2
7 -7 1
7 -2 2
7 -1 2
8 -2 1
9 -3 1
9 -1 5
10 -3 1
10 -2 2
10 -1 8
10 1 1
11 -1 8
12 -5 1
12 -1 4
13 1 1
14 1 1
15 -3 1
15 -1 6
16 -3 1
16 -1 5
16 1 1
17 -2 4
17 -1 1
17 1 1
18 -6 1
18 -2 2
18 -1 10
19 -1 2
20 -1 2
20 2 1
21 -34 1
21 -2 2
21 -1 4
22 -3 1
22 -2 2
22 -1 13
23 -68 1
23 -2 1
23 -1 2
25 -2 1
25 -1 16
26 -3 1
26 -2 5
26 -1 21
28 -3 1
28 -2 1
28 -1 6
29 -2 1
29 1 4
30 -6 1
30 -2 1
30 -1 3
30 1 1
31 1 1
32 -3 1
34 -8 1
34 -1 22
35 -1 5
35 1 1
36 -16 1
36 -2 1
37 -5 1
37 -3 1
37 -1 6
38 -4 1
38 -2 1
38 -1 1
38 1 1
39 -5 1
39 1 1
40 -5 1
40 1 1
41 -44 1
41 -2 2
41 -1 4
42 -1 2
42 1 2
43 -9 1
43 1 1
44 -1 3
45 -1 3
46 -3 1
46 -1 5
48 -2 2
48 -1 3
49 -6 1
50 -2 2
50 -1 2
51 -3 2
51 -1 5
52 -1 1
54 -1 3
55 -1 1
56 -5 1
56 -4 1
56 -1 2
58 -1 7
59 -3 2
59 -2 2
59 -1 2
60 -4 1
61 -5 1
61 -1 2
62 -2 2
62 -1 2
63 -3 1
65 -2 1
65 -1 5
66 -2 1
66 -1 4
67 -2 1
67 -1 1
67 1 1
70 -2 2
70 -1 10
71 -2 1
73 -3 1
73 -1 13
73 3 1
74 -5 1
74 -2 3
74 -1 15
75 -2 1
76 -1 2
77 -5 1
77 -1 8
78 -2 2
78 -1 8
78 1 1
79 -2 1
79 -1 8
80 -2 2
81 -2 1
81 1 1
82 -1 14
83 -1 13
85 -2 1
86 -1 7
88 -1 14
89 -2 2
90 -1 14
91 1 1
