ROI: mrcA
Phase: 5
Total nodes checked: 88346
Total variants found: 32631
0 N 99
1 N 436
2 C 3
2 N 71
3 N 65
4 N 151
5 A 2
5 T 1
5 N 68
6 N 90
7 T 3
7 N 73
8 A 4
8 C 2
8 N 122
9 A 1
9 C 2
9 N 89
10 A 1
10 G 1
10 T 3
10 N 108
11 A 1
11 C 1
11 N 99
12 T 6
12 N 119
13 G 2
13 N 319
14 T 1
14 N 241
15 C 1
15 T 3
15 N 183
16 G 4
16 N 1198
17 T 5
17 N 162
18 C 4
18 G 1
18 N 185
19 G 4
19 T 2
19 N 186
20 A 4
20 C 3
20 N 180
21 G 1
21 T 4
21 N 347
22 A 2
22 C 4
22 N 117
23 A 4
23 T 3
23 N 220
24 C 2
24 N 111
25 T 3
25 N 130
26 A 2
26 C 3
26 N 130
27 A 1
27 T 3
27 N 169
28 A 2
28 G 3
28 T 1
28 N 258
29 C 5
29 N 955
30 A 3
30 G 2
30 T 1
30 N 257
31 C 2
31 N 217
32 N 219
33 N 177
34 C 3
34 G 1
34 N 265
35 A 2
35 G 3
35 N 124
36 C 2
36 N 177
37 T 3
37 N 193
38 G 5
38 N 798
39 C 4
39 T 2
39 N 202
40 G 2
40 T 1
40 N 329
41 G 3
41 T 2
41 N 146
42 C 2
42 T 3
42 N 128
43 G 2
43 N 402
44 A 3
44 N 174
45 T 5
45 N 87
46 A 2
46 G 3
46 N 204
47 T 2
47 N 144
48 C 4
48 N 154
49 A 1
49 G 5
49 N 275
50 C 5
50 N 149
51 G 2
51 T 4
51 N 244
52 C 2
52 G 3
52 N 11969
53 T 2
53 N 208
54 T 1
54 N 220
55 C 1
55 G 2
55 N 178
56 G 1
56 T 3
56 N 227
57 A 1
57 C 2
57 N 173
58 T 1
58 N 238
59 G 2
59 N 552
60 T 1
60 N 190
61 C 1
61 T 1
61 N 130
62 G 1
62 T 1
62 N 165
63 C 1
63 N 202
64 N 358
65 G 1
65 N 196
66 A 1
66 T 1
66 N 706
67 G 1
67 T 1
67 N 281
68 A 1
68 N 210
69 N 178
70 C 1
70 N 153
71 A 1
71 N 195
72 C 1
72 N 214
73 T 1
73 N 198
74 A 1
74 C 2
74 N 88
75 A 2
75 T 1
75 N 144
76 C 1
76 G 2
76 N 194
77 A 2
77 N 65
78 G 1
78 N 160
79 C 1
79 N 124
80 A 1
80 T 1
80 N 123
81 N 187
82 N 227
83 N 107
84 C 1
84 N 361
85 N 188
86 N 150
87 N 133
88 N 239
89 N 130
90 N 221
0 -2 1
0 -1 5
0 1 1
1 -2 2
1 -1 2
1 1 1
2 -2 1
2 -1 5
3 -87 1
4 -4 1
4 -2 7
4 -1 22
5 -8 1
5 -5 1
5 -2 4
5 -1 19
5 1 2
6 -5 1
6 -4 1
6 -3 1
6 -2 1
7 -4 2
7 -2 1
7 -1 3
7 1 1
8 1 1
9 -60 1
9 -7 1
9 -4 1
9 -3 2
9 -2 2
9 -1 20
10 -6 2
10 -3 1
10 -2 1
10 -1 4
10 1 2
11 -3 1
11 -2 2
11 -1 4
11 1 2
12 -11 1
12 -4 1
12 -3 1
12 -2 3
12 -1 9
13 -4 1
13 -2 1
13 -1 4
13 1 1
14 -2 2
14 -1 1
15 -3 5
15 -2 3
15 -1 11
16 -3 1
16 -1 12
16 1 4
17 -6 1
17 -2 1
17 -1 7
18 -3 3
18 -1 5
18 1 1
19 -3 1
19 -2 1
19 -1 2
20 -4 1
20 -1 1
20 1 1
21 -2 1
21 -1 3
22 -3 2
22 -2 3
22 -1 20
23 -4 1
24 1 2
25 -2 4
25 -1 19
26 -2 4
26 -1 25
27 -2 1
28 -7 1
28 -4 1
28 -1 6
28 4 1
29 -2 2
29 -1 2
29 1 3
30 -2 3
30 -1 7
30 1 1
34 -3 1
34 -2 9
34 -1 22
35 -1 4
36 -5 1
36 1 1
37 -6 1
37 -2 1
37 -1 1
38 -2 3
38 -1 1
39 -6 1
39 -2 1
39 -1 1
39 1 2
41 -2 1
41 -1 3
42 -1 1
43 1 1
44 -3 1
44 -1 3
45 -30 1
45 -3 1
45 -1 2
45 1 2
46 -41 1
46 -5 1
46 -2 5
46 -1 15
47 -2 1
48 -3 4
48 -2 2
48 -1 7
49 -3 1
49 -1 3
50 -2 1
51 -4 1
51 -2 1
51 -1 6
52 -5 1
52 -2 1
52 -1 1
52 1 1
53 -2 1
53 1 1
54 -1 7
55 -1 4
56 -4 1
56 -1 1
56 1 1
58 -4 1
58 -1 3
59 -3 1
59 -2 1
59 -1 2
60 -4 2
60 1 1
61 -12 1
61 -6 2
61 -2 2
61 -1 5
62 -12 1
62 -8 1
62 -7 1
62 -2 1
62 -1 4
63 1 2
64 -8 1
65 -2 2
65 -1 2
66 -6 1
66 1 2
67 -7 2
67 -1 3
69 -6 1
70 -3 1
70 -2 1
70 -1 15
71 1 1
72 -2 1
72 1 1
73 -4 1
73 -2 1
73 -1 17
74 -2 1
74 -1 22
75 -2 1
76 -3 1
76 -1 1
76 1 1
77 -5 1
77 -2 1
77 -1 6
78 -5 1
78 -3 1
78 -1 5
79 -8 1
79 -3 1
79 -1 6
80 -1 1
81 -3 1
82 -2 1
82 -1 11
83 -5 1
83 -1 7
83 1 2
85 -3 1
85 -2 1
86 -2 1
86 -1 8
88 -2 1
88 -1 11
89 1 2
90 -1 8
