ROI: mrcA
Phase: 6
Total nodes checked: 215617
Total variants found: 65249
0 N 178
1 N 846
2 N 273
3 N 263
4 N 683
5 A 1
5 T 1
5 N 225
6 N 469
7 A 1
7 N 213
8 C 1
8 N 323
9 N 329
10 A 1
10 N 485
11 N 400
12 T 1
12 N 750
13 N 478
14 A 2
14 N 495
15 N 596
16 N 3584
17 N 547
18 N 1097
19 N 775
20 N 612
21 N 857
22 N 341
23 N 603
24 G 1
24 N 408
25 N 557
26 N 521
27 A 4
27 N 442
28 A 1
28 N 844
29 C 1
29 N 553
30 N 447
31 N 603
32 N 673
33 N 961
34 N 1224
35 A 2
35 T 1
35 N 421
36 A 1
36 N 586
37 A 1
37 C 1
37 N 1013
38 N 2287
39 N 716
40 A 3
40 N 377
41 N 576
42 N 417
43 N 967
44 N 597
45 N 583
46 N 693
47 N 532
48 N 564
49 A 3
49 N 557
50 N 511
51 A 2
51 N 494
52 N 2276
53 N 585
54 N 590
55 N 540
56 A 2
56 N 522
57 N 526
58 N 619
59 N 2691
60 N 526
61 N 574
62 N 387
63 N 1778
64 N 661
65 N 1082
66 N 2519
67 N 663
68 N 711
69 N 510
70 N 531
71 G 1
71 N 597
72 N 589
73 G 1
73 N 692
74 N 497
75 N 280
76 N 795
77 N 353
78 N 579
79 N 795
80 N 516
81 N 660
82 N 1006
83 N 401
84 N 898
85 N 774
86 N 463
87 N 466
88 N 515
89 A 2
89 N 328
90 A 1
90 N 1017
0 -1 4
4 -1 3
5 -1 4
6 -1 1
6 1 2
7 -7 1
7 -2 1
10 -5 1
10 1 1
11 -2 1
11 1 1
12 -1 2
15 -2 1
15 -1 2
16 -1 2
18 -1 2
19 -3 1
19 -1 1
20 1 2
21 -6 1
21 -1 1
22 -2 2
22 -1 3
23 -2 1
24 1 1
25 -2 2
25 -1 1
26 -2 2
26 -1 7
27 -2 1
27 -1 1
30 -1 1
33 -2 1
34 -2 1
34 -1 8
35 -1 2
37 -4 1
37 -1 2
41 -4 1
44 -1 1
46 -1 4
47 1 1
48 -1 2
49 -5 1
49 -2 1
49 -1 1
51 -1 1
52 -1 2
53 1 1
54 -11 1
55 -1 1
56 -4 1
56 -1 2
58 -1 2
59 -3 1
59 -2 1
61 -1 1
62 -4 1
62 -1 1
65 -1 4
67 -3 1
69 -3 1
70 -1 6
71 -1 1
72 1 1
73 -2 2
73 -1 6
74 -1 4
76 -1 1
77 -2 1
78 -6 1
78 -1 2
79 -1 4
80 -4 1
80 -1 1
82 -1 7
84 -3 1
86 -1 4
88 -1 4
90 -1 2
