ROI: mrcA
Phase: 7
Total nodes checked: 627618
Total variants found: 222536
0 N 481
1 N 3234
2 N 1357
3 G 1
3 N 647
4 N 3248
5 A 4
5 N 452
6 N 1341
7 A 2
7 T 1
7 N 701
8 C 1
8 N 1160
9 C 1
9 N 1076
10 A 6
10 G 1
10 N 1243
11 C 2
11 N 2395
12 A 1
12 T 1
12 N 7446
13 C 2
13 G 1
13 N 2159
14 A 1
14 T 1
14 N 1999
15 C 1
15 T 1
15 N 1697
16 G 2
16 N 6062
17 A 1
17 T 2
17 N 1546
18 C 1
18 G 1
18 N 2136
19 A 1
19 G 1
19 T 1
19 N 2247
20 A 1
20 C 2
20 N 1996
21 G 1
21 T 1
21 N 4100
22 A 2
22 C 2
22 N 2425
23 A 9
23 T 2
23 N 1975
24 C 1
24 N 1395
25 T 2
25 N 1656
26 C 2
26 N 1642
27 A 3
27 T 1
27 N 1380
28 A 2
28 G 2
28 N 1958
29 A 1
29 C 2
29 N 4047
30 A 2
30 N 1939
31 N 1912
32 N 1721
33 N 1971
34 C 2
34 N 8592
35 A 5
35 G 2
35 N 601
36 N 2547
37 T 2
37 N 2156
38 G 2
38 N 11957
39 C 2
39 N 1747
40 A 4
40 N 1686
41 A 2
41 G 2
41 N 2028
42 T 3
42 N 1141
43 N 2697
44 A 2
44 N 1280
45 T 2
45 N 1525
46 G 2
46 N 1522
47 N 1883
48 C 2
48 N 1883
49 A 6
49 G 2
49 N 2130
50 C 2
50 N 1613
51 A 5
51 T 2
51 N 2572
52 G 2
52 N 1249
53 T 1
53 N 1734
54 T 2
54 N 1936
55 C 1
55 N 9773
56 A 3
56 G 1
56 N 1217
57 A 1
57 N 1890
58 A 1
58 T 1
58 N 1578
59 G 1
59 N 16080
60 N 2753
61 A 1
61 C 1
61 N 1646
62 T 1
62 N 3521
63 N 2525
64 N 2547
65 G 1
65 N 2842
66 A 1
66 N 1263
67 T 1
67 N 2438
68 N 1457
69 N 1420
70 N 2101
71 A 1
71 N 1664
72 N 1739
73 G 1
73 N 1959
74 N 1732
75 A 2
75 N 1331
76 G 1
76 N 1477
77 N 4124
78 N 1937
79 N 1432
80 N 1938
81 N 2354
82 N 2697
83 N 1098
84 N 3778
85 N 1501
86 N 1557
87 N 1629
88 N 2131
89 A 1
89 N 1727
90 N 1861
0 -1 5
1 -2 1
1 -1 4
2 -3 1
2 -2 1
2 -1 2
3 -6 1
3 -2 2
4 -3 1
4 -2 4
4 -1 11
5 -2 4
5 -1 13
5 1 1
6 -2 1
7 -18 1
7 1 1
8 -1 1
9 -2 1
9 -1 5
10 -6 1
10 -5 1
10 -2 2
10 -1 4
11 -7 1
11 -1 4
12 -3 1
12 -2 1
13 -1 1
13 1 3
14 1 1
15 -4 1
15 -1 3
16 -6 1
16 -2 1
16 -1 3
16 1 3
17 -2 1
17 -1 4
18 -9 1
18 -3 1
18 -1 2
18 1 1
19 -2 3
19 -1 1
19 1 2
20 -6 1
20 -2 1
20 1 2
21 -1 3
22 -3 2
22 -2 1
22 -1 10
23 -1 3
24 -4 1
25 -6 1
25 -3 1
25 -2 2
25 -1 17
26 -11 1
26 -7 1
26 -4 1
26 -2 3
26 -1 18
27 1 1
28 -5 1
28 -1 3
29 -2 1
29 1 1
30 -2 1
30 -1 1
33 -2 1
34 -2 1
34 -1 18
35 -3 2
35 -2 1
35 -1 7
37 -1 1
38 -3 1
38 -2 2
38 -1 1
39 -5 1
39 1 1
41 -1 2
42 1 2
43 -2 1
43 1 1
44 -5 1
44 -4 1
44 -1 4
45 -1 1
46 -3 1
46 -1 8
47 -2 1
47 1 1
48 -1 4
49 -5 1
49 -1 3
51 -1 3
52 -10 1
53 1 2
54 -1 3
55 -3 1
55 -1 2
55 1 1
56 -4 3
56 1 1
58 -4 1
58 -1 2
59 -3 2
60 1 1
61 -2 2
61 -1 9
62 -10 1
62 -6 1
62 -1 1
64 -2 1
65 -1 4
66 -2 1
66 -1 1
66 1 2
67 -2 1
67 -1 3
67 1 1
68 -3 1
69 -3 2
70 -2 1
70 -1 12
71 -1 2
73 -2 1
73 -1 15
74 -1 13
74 1 1
75 -3 1
76 -1 2
76 1 2
77 -2 1
77 -1 9
78 -2 1
78 -1 1
78 1 1
79 -1 5
80 -5 1
80 -1 2
82 -2 1
82 -1 13
83 -1 12
84 -4 1
86 -1 6
87 -3 1
87 -2 1
87 1 2
88 -1 12
90 -1 13
