ROI: mrcA
Phase: 5
Total nodes checked: 762467
Total variants found: 154156
0 A 3
0 C 3
0 T 1
0 N 446
1 G 1
1 N 1887
2 A 3
2 C 6
2 T 2
2 N 368
3 G 3
3 N 287
4 G 3
4 N 772
5 A 11
5 G 2
5 T 7
5 N 288
6 C 6
6 N 422
7 A 2
7 G 1
7 T 17
7 N 306
8 A 14
8 C 7
8 N 575
9 A 15
9 C 8
9 N 410
10 A 8
10 G 8
10 T 22
10 N 534
11 A 5
11 C 13
11 N 425
12 A 6
12 G 5
12 T 24
12 N 579
13 C 4
13 G 6
13 N 1377
14 A 5
14 C 7
14 T 5
14 N 1139
15 A 4
15 C 8
15 T 7
15 N 875
16 G 12
16 N 4873
17 A 5
17 C 6
17 T 14
17 N 847
18 C 9
18 G 6
18 N 826
19 A 11
19 G 8
19 T 11
19 N 981
20 A 13
20 C 11
20 T 1
20 N 920
21 G 8
21 T 9
21 N 1574
22 A 8
22 C 10
22 N 495
23 A 16
23 G 1
23 T 15
23 N 1088
24 C 11
24 G 2
24 T 1
24 N 495
25 G 1
25 T 9
25 N 563
26 A 11
26 C 12
26 N 587
27 A 10
27 G 2
27 T 14
27 N 911
28 A 8
28 G 12
28 T 9
28 N 1156
29 A 9
29 C 24
29 T 1
29 N 3990
30 A 16
30 G 11
30 T 5
30 N 1266
31 C 11
31 N 976
32 G 1
32 N 1082
33 N 851
34 C 15
34 G 4
34 N 1223
35 A 21
35 G 11
35 T 7
35 N 586
36 A 1
36 C 10
36 N 825
37 A 1
37 T 11
37 N 966
38 C 1
38 G 21
38 N 3569
39 C 12
39 T 10
39 N 1003
40 A 12
40 G 10
40 T 6
40 N 1284
41 A 3
41 G 12
41 T 6
41 N 568
42 A 4
42 C 12
42 T 11
42 N 601
43 G 12
43 N 1822
44 A 11
44 N 769
45 T 23
45 N 452
46 A 13
46 G 10
46 N 830
47 T 13
47 N 758
48 A 2
48 C 11
48 N 761
49 A 10
49 G 24
49 T 8
49 N 1229
50 A 4
50 C 22
50 T 1
50 N 754
51 A 5
51 G 12
51 T 12
51 N 1077
52 C 12
52 G 10
52 N 58783
53 A 1
53 T 12
53 N 955
54 T 5
54 N 1061
55 C 6
55 G 10
55 N 842
56 A 13
56 G 6
56 T 17
56 N 1019
57 A 3
57 C 10
57 T 1
57 N 808
58 A 2
58 T 7
58 N 1156
59 G 17
59 N 2356
60 A 1
60 T 9
60 N 886
61 C 8
61 T 2
61 N 733
62 G 9
62 T 8
62 N 764
63 C 9
63 N 854
64 N 1420
65 C 2
65 G 6
65 N 839
66 A 6
66 C 1
66 T 9
66 N 2962
67 G 10
67 T 6
67 N 1192
68 A 9
68 C 1
68 N 985
69 N 875
70 C 4
70 N 774
71 A 14
71 G 3
71 T 7
71 N 876
72 C 7
72 N 1005
73 T 4
73 N 935
74 A 8
74 C 5
74 N 444
75 A 12
75 T 7
75 N 599
76 C 7
76 G 8
76 N 913
77 A 13
77 N 340
78 G 11
78 N 744
79 A 8
79 C 5
79 N 606
80 A 7
80 G 4
80 T 4
80 N 579
81 C 5
81 G 1
81 N 884
82 G 3
82 N 1062
83 A 4
83 T 2
83 N 584
84 C 2
84 G 3
84 N 1542
85 N 968
86 A 1
86 N 721
87 T 3
87 N 626
88 C 1
88 N 1173
89 A 4
89 T 3
89 N 546
90 A 14
90 T 7
90 N 997
0 -28 2
0 -8 1
0 -5 1
0 -3 3
0 -2 11
0 -1 50
0 1 1
1 -4 1
1 -3 2
1 -2 18
1 -1 27
1 1 3
1 3 1
1 7 1
2 -5 1
2 -4 1
2 -3 1
2 -2 6
2 -1 15
2 1 2
3 -87 2
3 -4 1
3 -2 3
3 1 2
3 6 1
4 -6 2
4 -5 2
4 -4 4
4 -3 7
4 -2 35
4 -1 117
5 -8 1
5 -6 2
5 -5 3
5 -4 4
5 -3 2
5 -2 24
5 -1 93
5 1 3
5 5 1
6 -8 2
6 -6 2
6 -5 1
6 -4 2
6 -3 4
6 -2 6
6 -1 5
6 1 2
7 -41 2
7 -11 2
7 -4 3
7 -2 8
7 -1 17
7 1 2
8 -10 1
8 -4 1
8 -2 3
8 1 7
9 -81 2
9 -73 2
9 -60 1
9 -12 1
9 -9 1
9 -7 1
9 -4 5
9 -3 7
9 -2 13
9 -1 90
10 -68 1
10 -12 1
10 -7 1
10 -6 4
10 -5 2
10 -4 3
10 -3 5
10 -2 6
10 -1 31
10 1 11
11 -3 2
11 -2 16
11 -1 30
11 1 7
12 -11 1
12 -9 1
12 -6 1
12 -5 3
12 -4 6
12 -3 7
12 -2 19
12 -1 59
12 1 5
13 -19 1
13 -5 1
13 -4 1
13 -2 4
13 -1 27
13 1 7
14 -17 1
14 -11 3
14 -5 1
14 -4 1
14 -3 2
14 -2 8
14 -1 5
14 1 11
14 3 1
15 -74 1
15 -19 1
15 -8 2
15 -6 2
15 -4 2
15 -3 12
15 -2 11
15 -1 89
16 -15 1
16 -6 1
16 -5 3
16 -4 2
16 -3 5
16 -2 10
16 -1 58
16 1 18
17 -6 3
17 -4 8
17 -3 2
17 -2 20
17 -1 30
17 1 4
17 3 1
18 -3 5
18 -2 4
18 -1 27
18 1 3
19 -3 1
19 -2 6
19 -1 17
19 1 1
19 2 1
20 -4 2
20 -3 1
20 -2 1
20 -1 6
20 1 3
21 -6 1
21 -3 3
21 -2 7
21 -1 30
21 1 2
21 2 1
22 -5 2
22 -3 6
22 -2 13
22 -1 93
22 1 8
23 -4 1
23 -3 1
23 -2 4
23 -1 12
23 1 7
24 -39 2
24 -4 1
24 -2 1
24 1 6
25 -4 1
25 -3 3
25 -2 14
25 -1 116
25 1 1
26 -4 1
26 -3 4
26 -2 20
26 -1 191
26 1 4
27 -7 1
27 -4 3
27 -3 1
27 -2 4
27 -1 1
27 1 4
28 -8 1
28 -7 2
28 -4 2
28 -3 1
28 -2 5
28 -1 21
28 2 1
28 4 1
28 8 1
29 -3 1
29 -2 6
29 -1 10
29 1 9
30 -4 1
30 -2 8
30 -1 25
30 1 2
31 1 3
32 -6 1
32 -3 1
32 -2 1
33 -7 1
33 -4 2
33 -3 2
33 -2 5
34 -28 1
34 -10 1
34 -7 1
34 -4 1
34 -3 5
34 -2 23
34 -1 140
35 -3 1
35 -2 7
35 -1 46
35 1 6
36 -31 2
36 -5 4
36 1 5
37 -7 1
37 -6 2
37 -4 2
37 -3 1
37 -2 3
37 -1 16
37 6 1
38 -7 1
38 -4 1
38 -3 5
38 -2 11
38 -1 7
38 1 4
39 -6 3
39 -5 4
39 -4 1
39 -2 7
39 -1 15
39 1 4
40 -10 1
40 -4 1
40 -3 4
40 1 5
41 -5 1
41 -3 1
41 -2 4
41 -1 17
42 -2 1
42 -1 10
42 1 8
43 -11 1
43 -6 1
43 -5 3
43 -4 1
43 -2 5
43 1 2
44 -9 1
44 -6 1
44 -4 1
44 -3 3
44 -2 1
44 -1 19
44 2 1
45 -30 1
45 -3 2
45 -2 2
45 -1 12
45 1 7
45 6 1
46 -41 1
46 -7 1
46 -5 1
46 -3 3
46 -2 11
46 -1 55
46 1 1
47 -2 3
47 1 1
48 -6 1
48 -3 13
48 -2 10
48 -1 55
49 -7 1
49 -6 2
49 -5 4
49 -4 1
49 -3 3
49 -2 2
49 -1 14
49 1 5
50 -2 7
50 -1 4
50 1 3
51 -10 1
51 -4 1
51 -3 2
51 -2 4
51 -1 20
52 -5 1
52 -3 1
52 -2 1
52 -1 3
52 1 5
53 -6 1
53 -3 2
53 -2 1
53 1 3
54 -3 2
54 -2 6
54 -1 30
55 -2 1
55 -1 14
56 -8 1
56 -4 2
56 -2 1
56 -1 17
56 1 7
57 -2 1
57 1 1
58 -7 3
58 -4 1
58 -2 5
58 -1 37
59 -3 6
59 -2 4
59 -1 10
59 1 4
60 -10 1
60 -5 1
60 -4 4
60 -3 1
60 -2 1
60 1 3
61 -12 2
61 -6 2
61 -4 1
61 -3 3
61 -2 7
61 -1 32
62 -12 1
62 -8 1
62 -7 2
62 -6 1
62 -4 1
62 -2 5
62 -1 10
62 1 1
63 1 3
64 -8 1
64 -4 1
64 -3 2
64 -2 1
65 -6 3
65 -2 7
65 -1 33
66 -6 2
66 -4 1
66 -3 2
66 -2 3
66 -1 8
66 1 14
67 -7 2
67 -4 2
67 -3 5
67 -2 6
67 -1 17
67 1 2
68 -9 1
68 -4 2
68 -3 2
69 -7 1
69 -6 1
69 -3 1
69 -2 1
70 -5 1
70 -3 2
70 -2 9
70 -1 101
71 -2 2
71 -1 5
71 1 9
72 -2 1
72 1 4
73 -6 2
73 -4 3
73 -3 1
73 -2 5
73 -1 90
74 -3 5
74 -2 12
74 -1 122
74 1 2
75 -4 3
75 -3 1
75 -2 3
75 -1 3
75 1 1
76 -7 1
76 -3 1
76 -1 6
76 1 3
77 -5 1
77 -4 1
77 -2 2
77 -1 56
78 -5 4
78 -3 3
78 -2 8
78 -1 15
78 1 1
79 -8 2
79 -7 1
79 -3 3
79 -2 4
79 -1 56
80 -2 2
80 -1 18
80 1 2
81 -3 1
81 1 7
82 -3 1
82 -2 7
82 -1 73
83 -5 2
83 -2 3
83 -1 63
83 1 2
84 -7 1
84 -6 2
84 -5 1
84 -3 1
84 1 2
85 -5 1
85 -3 1
85 -2 6
86 -3 1
86 -2 1
86 -1 39
87 -4 2
87 -2 2
87 1 3
88 -3 1
88 -2 2
88 -1 111
89 -2 4
89 1 2
90 -1 106
91 1 8
