ROI: mrcA
Phase: 8
Total nodes checked: 253720
Total variants found: 115640
0 A 1
0 N 210
1 N 1215
2 N 277
3 N 528
4 N 949
5 A 3
5 T 1
5 N 147
6 N 702
7 N 245
8 C 1
8 T 1
8 N 419
9 N 368
10 A 7
10 T 2
10 N 724
11 A 1
11 N 783
12 T 1
12 N 407
13 C 2
13 N 327
14 A 2
14 T 2
14 N 400
15 N 481
16 G 2
16 N 3663
17 T 2
17 N 515
18 G 2
18 N 883
19 A 2
19 T 2
19 N 781
20 A 1
20 C 2
20 N 10516
21 G 2
21 N 1169
22 A 2
22 G 1
22 N 569
23 A 3
23 T 2
23 N 579
24 C 2
24 N 453
25 N 356
26 A 3
26 N 583
27 A 1
27 T 3
27 N 401
28 T 1
28 N 515
29 C 3
29 N 349
30 A 2
30 G 3
30 T 1
30 N 836
31 C 3
31 N 562
32 N 406
33 N 383
34 N 2607
35 A 4
35 N 1111
36 C 2
36 N 576
37 N 801
38 G 3
38 N 4672
39 C 1
39 T 2
39 N 566
40 A 2
40 G 3
40 N 452
41 A 1
41 N 525
42 C 3
42 N 364
43 G 3
43 N 1228
44 N 552
45 T 3
45 N 505
46 A 3
46 N 589
47 T 3
47 N 497
48 N 631
49 A 5
49 G 3
49 N 2601
50 C 3
50 N 536
51 A 2
51 G 3
51 T 1
51 N 381
52 C 4
52 N 287
53 T 4
53 N 565
54 T 1
54 N 439
55 G 4
55 N 34798
56 A 3
56 T 4
56 N 477
57 C 3
57 N 542
58 N 412
59 G 3
59 N 2303
60 T 3
60 N 496
61 N 4531
62 G 2
62 N 397
63 C 2
63 N 1280
64 N 823
65 N 456
66 T 2
66 N 311
67 G 2
67 N 2358
68 A 2
68 N 466
69 A 1
69 N 650
70 N 482
71 A 1
71 G 1
71 T 2
71 N 460
72 C 2
72 N 493
73 N 602
74 A 2
74 N 391
75 T 1
75 N 357
76 C 1
76 N 515
77 A 1
77 N 387
78 G 1
78 N 954
79 A 1
79 N 383
80 A 1
80 G 1
80 N 537
81 C 1
81 N 570
82 N 862
83 A 1
83 N 1078
84 G 1
84 N 1136
85 N 558
86 N 380
87 T 1
87 N 469
88 N 1222
89 N 367
90 A 2
90 N 483
0 -2 1
0 -1 4
0 1 1
1 -1 3
2 -2 1
2 1 1
4 -4 1
4 -2 2
4 -1 10
5 -2 2
5 -1 7
6 -2 2
6 -1 2
7 -2 1
7 -1 2
9 -3 1
9 -1 2
10 -2 2
10 -1 6
10 1 1
11 -1 3
12 -5 1
12 -1 3
15 -3 1
15 -1 4
16 -3 1
16 -1 4
17 -2 3
17 1 1
18 -6 1
18 -2 2
18 -1 6
19 -1 1
20 2 1
21 -34 1
21 -2 2
21 -1 1
22 -3 1
22 -1 7
23 -1 1
25 -2 1
25 -1 10
26 -2 5
26 -1 13
28 -3 1
28 -1 2
29 -2 1
29 1 2
30 -1 3
32 -3 1
34 -1 10
35 -1 3
35 1 1
36 -16 1
37 -5 1
37 -3 1
37 -1 4
38 -4 1
38 -1 1
39 1 1
40 -5 1
40 1 1
41 -2 2
41 -1 1
43 1 1
44 -1 2
45 -1 1
46 -1 3
48 -2 1
48 -1 2
49 -6 1
50 -2 1
50 -1 1
51 -3 1
51 -1 2
54 -1 3
55 -1 1
56 -1 1
58 -1 3
59 -3 1
59 -2 1
61 -5 1
61 -1 1
62 -2 1
62 -1 2
63 -3 1
65 -2 1
65 -1 1
66 -2 1
66 -1 3
67 -2 1
67 1 1
70 -1 5
73 -3 1
73 -1 9
73 3 1
74 -5 1
74 -2 3
74 -1 8
75 -2 1
76 -1 1
77 -5 1
77 -1 5
78 -2 1
78 -1 4
78 1 1
79 -1 4
80 -2 1
81 1 1
82 -1 8
83 -1 6
86 -1 5
88 -1 7
89 -2 1
90 -1 7
91 1 1
