ROI: mrcA
Phase: 4
Total nodes checked: 297703
Total variants found: 1288523
0 T 2
0 N 2386
1 N 68002
2 T 1
2 N 2868
3 N 2039
4 N 4809
5 A 5
5 N 2716
6 N 3769
7 A 1
7 N 3566
8 A 1
8 N 3591
9 A 1
9 N 6096
10 A 2
10 N 3442
11 A 2
11 T 1
11 N 4120
12 T 1
12 N 5490
13 N 4064
14 A 2
14 N 9946
15 T 2
15 N 11662
16 N 17032
17 T 1
17 N 10011
18 N 8491
19 A 4
19 N 10074
20 T 1
20 N 10576
21 N 14895
22 N 4077
23 A 2
23 T 1
23 N 13192
24 N 10938
25 N 10272
26 N 134345
27 A 3
27 N 11880
28 A 2
28 N 14809
29 A 10
29 T 1
29 N 20897
30 A 1
30 N 11796
31 N 10789
32 N 8175
33 N 10784
34 N 19663
35 A 2
35 N 8360
36 N 10438
37 A 6
37 N 12507
38 C 1
38 N 31012
39 N 12584
40 A 4
40 T 1
40 N 9866
41 A 1
41 T 2
41 N 9362
42 A 14
42 T 1
42 N 8202
43 N 16603
44 N 11923
45 N 10693
46 N 12126
47 A 1
47 N 12008
48 A 1
48 N 11968
49 A 4
49 T 1
49 N 13712
50 A 7
50 T 1
50 N 12265
51 A 2
51 N 11156
52 N 11262
53 A 4
53 N 13240
54 A 1
54 N 13395
55 N 12205
56 A 2
56 T 2
56 N 11855
57 A 6
57 T 1
57 N 16556
58 A 2
58 T 1
58 N 11322
59 N 47319
60 A 1
60 N 12432
61 N 13427
62 A 2
62 N 10357
63 N 8735
64 N 8380
65 N 19523
66 N 11580
67 N 25851
68 N 12571
69 N 12280
70 N 13656
71 A 2
71 N 11804
72 N 13512
73 N 14530
74 C 1
74 N 66812
75 A 1
75 N 7439
76 N 12801
77 N 15257
78 N 14392
79 A 2
79 T 1
79 N 9877
80 A 6
80 N 11998
81 N 12395
82 N 13014
83 A 1
83 T 1
83 N 11134
84 N 14933
85 N 12215
86 N 7342
87 N 11411
88 N 12267
89 A 5
89 T 2
89 N 10021
90 A 1
90 T 2
90 N 13139
0 -91 1
0 -68 1
0 -67 8
0 -57 2
0 -48 4
0 -47 1
0 -40 6
0 -30 4
0 -28 33
0 -23 3
0 -16 1
0 15 2
1 -78 1
1 -66 1
1 -51 1
1 -38 1
1 -26 1
1 -24 1
1 -22 1
1 -15 1
1 -1 1
1 20 1
2 -6 1
2 4 1
3 7 1
11 -3 1
16 -1 3
21 -7 1
22 -1 1
23 -2 1
25 -1 1
35 -1 1
49 -1 1
78 -1 2
82 -1 1
83 -1 1
90 -1 1
