ROI: mrcA
Phase: 6
Total nodes checked: 98204
Total variants found: 34869
0 N 93
1 N 470
2 N 158
3 N 152
4 N 383
5 T 1
5 N 124
6 N 257
7 N 110
8 C 1
8 N 180
9 N 181
10 A 1
10 N 252
11 N 211
12 T 1
12 N 371
13 N 254
14 A 1
14 N 254
15 N 325
16 N 1965
17 N 289
18 N 622
19 N 415
20 N 318
21 N 457
22 N 186
23 N 325
24 N 228
25 N 284
26 N 265
27 A 3
27 N 236
28 N 457
29 C 1
29 N 283
30 N 244
31 N 314
32 N 375
33 N 505
34 N 651
35 A 1
35 T 1
35 N 199
36 N 300
37 A 1
37 C 1
37 N 552
38 N 1225
39 N 374
40 A 2
40 N 219
41 N 298
42 N 214
43 N 525
44 N 303
45 N 314
46 N 360
47 N 273
48 N 298
49 A 2
49 N 306
50 N 273
51 A 1
51 N 270
52 N 1247
53 N 309
54 N 328
55 N 285
56 A 2
56 N 277
57 N 278
58 N 316
59 N 1437
60 N 282
61 N 290
62 N 214
63 N 949
64 N 357
65 N 579
66 N 1365
67 N 353
68 N 387
69 N 260
70 N 284
71 N 327
72 N 312
73 N 366
74 N 271
75 N 163
76 N 406
77 N 181
78 N 300
79 N 415
80 N 275
81 N 360
82 N 552
83 N 206
84 N 479
85 N 397
86 N 237
87 N 258
88 N 269
89 A 2
89 N 170
90 A 1
90 N 537
0 -1 2
4 -1 2
5 -1 2
6 -1 1
6 1 1
7 -2 1
10 -5 1
10 1 1
11 -2 1
11 1 1
15 -1 1
16 -1 1
20 1 1
21 -6 1
21 -1 1
22 -2 1
22 -1 2
24 1 1
25 -1 1
26 -2 2
26 -1 4
27 -2 1
34 -1 2
35 -1 2
37 -4 1
37 -1 1
41 -4 1
44 -1 1
46 -1 2
48 -1 2
49 -5 1
49 -2 1
51 -1 1
52 -1 1
53 1 1
55 -1 1
58 -1 1
61 -1 1
62 -4 1
65 -1 1
67 -3 1
69 -3 1
70 -1 1
73 -1 3
74 -1 2
76 -1 1
77 -2 1
78 -6 1
78 -1 1
79 -1 2
80 -1 1
82 -1 3
90 -1 1
