ROI: mrcA
Phase: 2
Total nodes checked: 1631233
Total variants found: 498575
0 A 2
0 T 1
0 N 777
1 A 1
1 C 2
1 N 2000
2 A 1
2 T 1
2 N 1323
3 T 1
3 N 1214
4 T 1
4 N 2152
5 A 8
5 T 1
5 N 1169
6 N 1191
7 A 9
7 N 1222
8 A 2
8 T 2
8 N 1715
9 A 3
9 C 1
9 N 1944
10 A 20
10 T 1
10 N 1339
11 A 4
11 T 1
11 N 1470
12 A 6
12 T 1
12 N 1535
13 N 2963
14 A 1
14 N 2445
15 A 1
15 N 2096
16 G 1
16 N 20737
17 N 5835
18 C 1
18 N 2271
19 A 6
19 N 5399
20 A 1
20 N 6060
21 G 2
21 N 7168
22 N 1540
23 A 16
23 N 7013
24 N 5970
25 G 2
25 N 6929
26 N 6230
27 A 18
27 T 1
27 N 7115
28 A 12
28 T 3
28 N 7111
29 A 9
29 T 1
29 N 9353
30 A 9
30 N 6872
31 T 1
31 N 3621
32 G 1
32 N 5684
33 C 1
33 G 1
33 N 3410
34 C 1
34 N 6737
35 A 13
35 G 1
35 T 2
35 N 5887
36 A 3
36 N 2269
37 A 2
37 T 1
37 N 6927
38 C 1
38 N 10548
39 A 1
39 T 1
39 N 5956
40 A 17
40 T 1
40 N 1839
41 A 5
41 T 2
41 N 4826
42 A 9
42 T 1
42 N 5624
43 N 8984
44 N 7217
45 N 4622
46 A 1
46 N 7350
47 A 3
47 T 1
47 N 4019
48 T 2
48 N 6247
49 A 19
49 G 1
49 T 2
49 N 6659
50 T 1
50 N 6656
51 A 14
51 N 7245
52 N 6402
53 A 2
53 T 1
53 N 6110
54 A 1
54 N 7013
55 N 8541
56 A 9
56 T 1
56 N 5875
57 A 4
57 T 1
57 N 7250
58 N 6772
59 N 4778
60 A 2
60 N 6888
61 T 2
61 N 6842
62 A 2
62 N 2649
63 C 1
63 N 6786
64 A 1
64 N 3232
65 N 4888
66 T 1
66 N 6770
67 N 5450
68 N 7601
69 C 1
69 N 8159
70 N 7544
71 A 15
71 T 3
71 N 4303
72 G 1
72 N 7481
73 N 11769
74 C 1
74 N 6276
75 A 3
75 N 4759
76 G 1
76 N 6234
77 N 5762
78 N 7479
79 A 1
79 T 1
79 N 5829
80 A 10
80 N 6805
81 N 4307
82 G 1
82 N 7648
83 N 6243
84 N 5514
85 A 1
85 N 6489
86 N 6153
87 G 1
87 N 4148
88 G 1
88 N 6602
89 A 8
89 G 2
89 N 4115
90 A 8
90 T 15
90 N 6178
0 -28 2
0 -1 2
1 -1 3
3 -7 1
4 -5 1
4 -1 3
5 -1 3
5 1 1
6 -8 1
7 -1 1
9 -3 1
9 -1 1
11 -2 2
12 -2 1
15 -4 1
15 -3 1
15 -2 1
16 1 1
17 -1 1
18 -3 2
18 -1 1
22 -1 1
23 -1 1
23 1 1
25 -2 1
25 -1 4
26 -1 2
28 -1 1
34 -2 1
34 -1 2
35 -1 1
37 -1 1
38 1 1
41 -1 1
44 -1 1
45 -2 1
48 -1 1
56 -4 1
58 -5 1
58 -3 1
58 -1 1
62 -3 1
70 -1 2
73 -1 1
74 -1 3
74 1 1
75 -1 1
77 -1 2
78 -1 3
79 -2 1
79 -1 1
82 -2 1
82 -1 1
83 -1 2
85 -2 1
86 -1 2
88 -1 1
90 -1 2
