ROI: rpob_utr
Phase: 3
Total nodes checked: 3644673
Total variants found: 1211465
0 A 2
0 N 10316
1 N 5328
2 G 1
2 N 12157
3 N 3128
4 N 5629
5 A 28
5 N 4575
6 A 2
6 T 3
6 N 4580
7 T 1
7 N 7306
8 A 2
8 N 4279
9 N 31806
10 N 10305
11 N 4108
12 N 8242
13 N 6175
14 A 64
14 N 4248
15 A 1
15 N 6486
16 A 56
16 N 4636
17 A 21
17 N 4011
18 A 30
18 N 2980
19 C 1
19 N 256857
20 A 88
20 N 5049
21 N 3902
22 N 8862
23 N 5724
24 A 12
24 T 1
24 N 2514
25 C 1
25 N 4919
26 A 4
26 T 1
26 N 8030
27 A 5
27 N 10144
28 N 6542
29 A 102
29 N 5722
30 N 10666
31 A 9
31 N 12327
32 N 6198
33 A 6
33 N 3957
34 A 21
34 N 1901
35 N 4415
36 A 10
36 N 4234
37 C 1
37 N 6809
38 A 71
38 T 2
38 N 115218
39 A 9
39 T 1
39 N 3433
40 A 4
40 T 2
40 N 3477
41 A 9
41 N 3888
42 C 1
42 N 24948
43 N 3971
44 G 1
44 T 3
44 N 4135
45 T 1
45 N 7401
46 G 1
46 N 5940
47 C 37
47 N 16254
48 A 13
48 T 1
48 N 10554
49 A 58
49 T 1
49 N 8477
50 A 92
50 T 1
50 N 4109
51 A 17
51 N 16997
52 A 17
52 N 16700
53 A 30
53 G 1
53 N 10406
54 N 7501
55 A 5
55 N 7104
56 A 23
56 N 10304
57 A 5
57 T 2
57 N 5608
58 A 1
58 T 2
58 N 10975
59 N 13754
60 N 13473
61 N 3356
62 A 1
62 T 2
62 N 14237
63 N 14638
64 A 3
64 T 1
64 N 4292
65 A 24
65 N 4459
66 C 1
66 N 7259
67 N 8696
68 N 9145
69 A 21
69 T 1
69 N 5410
70 G 1
70 N 8745
71 A 69
71 G 2
71 N 2999
72 A 55
72 N 9234
73 A 6
73 T 1
73 N 9695
74 N 6895
75 A 18
75 N 10815
76 A 11
76 N 9706
77 A 1
77 N 4009
78 A 1
78 N 5474
79 G 2
79 N 24144
80 N 19523
81 A 1
81 T 10
81 N 19319
82 G 1
82 N 9625
83 G 1
83 N 5358
84 N 7831
85 A 1
85 N 18979
86 A 2
86 T 6
86 N 24644
87 A 1
87 T 4
87 N 32495
88 A 1
88 N 10008
89 C 2
89 G 1
89 N 16469
90 N 48195
0 -75 1
0 -57 1
0 -18 1
0 -5 2
1 -75 91
1 -46 1
1 -6 1
2 -78 14
2 -63 708
25 -24 1
38 -19 1
41 -1 1
47 -1 43
49 -27 2
81 -1 1
83 -2 1
84 -4 2
84 -3 3
84 -2 1
84 -1 40
85 -6 2
85 -3 2
85 -2 4
85 -1 8
85 1 3
86 -3 1
86 1 1
87 -2 4
87 -1 13
88 -3 2
88 -1 4
88 1 4
89 -2 3
89 -1 9
89 1 1
90 -1 2
90 1 1
91 1 1
