ROI: rpob_utr
Phase: 1
Total nodes checked: 2994215
Total variants found: 1427882
0 A 5
0 T 3
0 N 10531
1 N 9655
2 T 4
2 N 17429
3 A 1
3 N 3272
4 N 13851
5 A 39
5 G 1
5 T 2
5 N 9416
6 A 15
6 T 20
6 N 5833
7 N 5906
8 A 2
8 N 7088
9 N 4770
10 N 3448
11 N 10647
12 N 18358
13 N 7885
14 A 461
14 N 7606
15 N 10411
16 A 431
16 G 2
16 T 3
16 N 6926
17 A 63
17 T 1
17 N 5769
18 A 114
18 N 5961
19 N 5830
20 A 793
20 N 6111
21 N 216194
22 N 5146
23 C 1
23 G 1
23 N 8732
24 A 21
24 T 3
24 N 7843
25 N 4894
26 A 6
26 T 5
26 N 15901
27 A 2
27 N 6090
28 N 20383
29 A 983
29 N 9437
30 N 9189
31 A 11
31 N 3440
32 C 1
32 N 8658
33 A 18
33 N 6684
34 A 59
34 N 7788
35 N 5625
36 A 16
36 N 4702
37 N 7545
38 A 439
38 T 1
38 N 9026
39 A 44
39 T 70
39 N 11636
40 A 5
40 T 16
40 N 102950
41 A 12
41 N 4659
42 C 1
42 N 20302
43 A 1
43 N 4377
44 N 5766
45 N 3369
46 N 2762
47 C 24
47 G 2
47 T 1
47 N 28365
48 A 18
48 N 14354
49 A 257
49 T 2
49 N 8428
50 A 1271
50 T 1
50 N 18009
51 A 83
51 C 1
51 T 13
51 N 11179
52 A 44
52 N 5625
53 A 160
53 T 1
53 N 12472
54 N 20009
55 A 8
55 N 14406
56 A 50
56 T 1
56 N 8281
57 A 21
57 T 5
57 N 19774
58 A 2
58 T 5
58 N 15786
59 N 10351
60 N 20700
61 N 6177
62 A 1
62 N 20184
63 N 31293
64 A 7
64 T 4
64 N 16259
65 A 43
65 T 1
65 N 25090
66 C 1
66 N 4757
67 N 3783
68 N 9939
69 A 7
69 G 1
69 T 2
69 N 10013
70 C 1
70 N 13683
71 A 300
71 N 8571
72 A 351
72 N 12222
73 A 51
73 T 3
73 N 8391
74 N 12852
75 A 25
75 T 2
75 N 10882
76 A 25
76 T 13
76 N 12688
77 A 4
77 N 29132
78 A 1
78 N 12008
79 N 26281
80 N 15841
81 A 1
81 T 1
81 N 25503
82 N 12836
83 N 6344
84 N 11796
85 G 1
85 N 20892
86 A 3
86 N 23857
87 A 1
87 G 1
87 N 31011
88 N 23676
89 N 33535
90 N 40271
0 -79 5
0 -75 15
0 -57 1
0 -43 3
0 -40 1
0 -35 4
0 -18 1
0 -13 3
0 -12 2
0 -5 1
0 -3 1
1 -77 1
1 -75 583
1 -71 1
1 -66 5
1 -63 1
1 -54 2
1 -53 1
1 -46 1
1 -44 1
1 -6 6
2 -78 613
2 -63 2760
43 -1 1
47 -1 26
81 -1 2
84 -1 3
85 -2 1
85 -1 11
85 1 1
86 1 1
87 -1 8
88 -1 2
88 1 1
89 -2 2
89 -1 2
90 -1 4
91 1 1
