ROI: kras
Phase: 2
Total nodes checked: 11292095
Total variants found: 2411009
0 A 206
0 C 1013
0 G 750
0 N 983
1 A 793
1 C 169
1 T 1348
1 N 3062
2 A 705
2 C 125
2 T 995
2 N 822
3 C 245
3 G 2495
3 T 302
3 N 1345
4 A 778
4 C 435
4 T 1288
4 N 1470
5 A 4033
5 G 735
5 T 3150
5 N 2085
6 A 102
6 C 1298
6 G 837
6 N 754
7 A 520
7 C 122
7 T 1389
7 N 646
8 A 429
8 C 72
8 T 876
8 N 354
9 A 697
9 C 960
9 G 2968
9 N 3028
10 A 1040
10 C 152
10 T 1372
10 N 910
11 A 695
11 C 563
11 T 3152
11 N 3474
12 A 3201
12 G 2021
12 T 2849
12 N 2808
13 A 1040
13 C 1057
13 T 931
13 N 686
14 A 980
14 C 874
14 G 3084
14 N 2359
15 C 81
15 G 1308
15 T 1408
15 N 536
16 A 2255
16 C 238
16 T 892
16 N 1662
17 A 663
17 C 799
17 T 602
17 N 669
18 A 4073
18 G 1428
18 T 1802
18 N 2082
19 C 1485
19 G 1753
19 T 217
19 N 1485
20 C 170
20 G 1703
20 T 389
20 N 1104
21 A 2279
21 C 98
21 T 491
21 N 522
22 C 226
22 G 3088
22 T 399
22 N 1116
23 A 1659
23 C 117
23 T 1598
23 N 811
24 A 644
24 C 1381
24 G 2835
24 N 3809
25 A 551
25 C 990
25 T 1567
25 N 684
26 A 2336
26 G 1389
26 T 1184
26 N 1657
27 A 1203
27 G 547
27 T 1937
27 N 2308
28 A 517
28 C 2072
28 G 126
28 N 768
29 A 427
29 C 1104
29 G 891
29 N 765
30 A 1458
30 C 110
30 T 1782
30 N 1426
31 C 1008
31 G 2179
31 T 509
31 N 3914
32 A 3622
32 G 950
32 T 1717
32 N 1302
33 A 1627
33 C 1272
33 T 483
33 N 839
34 C 135
34 G 2091
34 T 1529
34 N 1532
35 A 2155
35 C 794
35 G 71
35 N 1173
36 C 966
36 G 1075
36 T 1695
36 N 1146
37 A 4360
37 G 132
37 T 1206
37 N 1572
38 C 1211
38 G 2052
38 T 302
38 N 1068
39 A 1490
39 C 855
39 T 576
39 N 913
40 A 2127
40 G 1032
40 T 1572
40 N 936
41 A 737
41 C 1694
41 G 168
41 N 751
42 C 256
42 G 1082
42 T 1194
42 N 1201
43 C 161
43 G 857
43 T 1126
43 N 1471
44 A 1206
44 C 1251
44 G 607
44 N 2933
45 A 317
45 C 1526
45 G 966
45 N 3660
46 A 3192
46 G 233
46 T 1656
46 N 1229
47 C 1595
47 G 1891
47 T 789
47 N 4295
48 A 1206
48 C 162
48 T 722
48 N 907
49 C 3183
49 G 1086
49 T 625
49 N 3745
50 C 1791
50 G 1151
50 T 810
50 N 2248
51 A 570
51 C 955
51 G 59
51 N 1156
0 -52 390
0 -51 1
0 -50 185
0 -49 160
0 -48 221
0 -47 193
0 -46 403
0 -45 7
0 -44 9
0 -43 206
0 -42 348
0 -41 12
0 -40 191
0 -39 202
0 -38 184
0 -37 197
0 -36 318
0 -35 14
0 -34 236
0 -33 218
0 -32 313
0 -31 375
0 -30 713
0 -29 29
0 -28 53
0 -27 546
0 -26 748
0 -25 2162
0 -24 90
0 -23 1004
0 -22 1046
0 -21 1241
0 -20 1377
0 -19 1543
0 -18 1945
0 -17 2023
0 -16 2461
0 -15 6056
0 -14 502
0 -13 2859
0 -12 3554
0 -11 3372
0 -10 6173
0 -9 416
0 -8 1819
0 -7 3620
0 -6 238
0 -5 954
0 -4 1127
0 -3 1384
0 -2 3046
0 -1 15979
0 1 25
0 2 4
0 3 3
0 5 1
0 8 1
1 -51 340
1 -50 227
1 -49 179
1 -48 171
1 -47 5
1 -46 166
1 -45 586
1 -44 315
1 -43 174
1 -42 206
1 -41 333
1 -40 177
1 -39 153
1 -38 2
1 -37 154
1 -36 169
1 -35 339
1 -34 192
1 -33 219
1 -32 19
1 -31 319
1 -30 351
1 -29 30
1 -28 789
1 -27 386
1 -26 493
1 -25 570
1 -24 42
1 -23 733
1 -22 51
1 -21 913
1 -20 71
1 -19 1215
1 -18 1300
1 -17 1533
1 -16 129
1 -15 323
1 -14 4498
1 -13 1914
1 -12 191
1 -11 1658
1 -10 162
1 -9 133
1 -8 924
1 -7 84
1 -6 117
1 -5 1047
1 -4 732
1 -3 135
1 -2 1380
1 -1 216
1 1 2731
1 2 23
1 3 1
1 4 1
2 -50 276
2 -49 289
2 -48 260
2 -47 283
2 -46 4
2 -45 249
2 -44 256
2 -43 224
2 -42 214
2 -41 188
2 -40 192
2 -39 184
2 -38 339
2 -37 13
2 -36 172
2 -35 217
2 -34 217
2 -33 257
2 -32 440
2 -31 28
2 -30 367
2 -29 1428
2 -28 39
2 -27 515
2 -26 517
2 -25 694
2 -24 2163
2 -23 99
2 -22 1728
2 -21 130
2 -20 2130
2 -19 185
2 -18 1568
2 -17 1620
2 -16 3395
2 -15 237
2 -14 341
2 -13 2465
2 -12 3633
2 -11 434
2 -10 3100
2 -9 258
2 -8 312
2 -7 1847
2 -6 155
2 -5 314
2 -4 2403
2 -3 3091
2 -2 1492
2 -1 15626
2 1 8
2 2 3
2 3 4
2 6 1
3 -49 257
3 -48 283
3 -46 2
3 -45 200
3 -44 8
3 -43 185
3 -42 175
3 -41 109
3 -40 2
3 -39 13
3 -38 142
3 -37 302
3 -36 167
3 -35 6
3 -34 192
3 -33 17
3 -32 265
3 -31 24
3 -30 292
3 -29 360
3 -28 38
3 -27 404
3 -26 535
3 -25 576
3 -24 692
3 -23 1513
3 -22 930
3 -21 2026
3 -20 1146
3 -19 162
3 -18 1483
3 -17 229
3 -16 455
3 -15 5958
3 -14 4180
3 -13 2200
3 -12 559
3 -11 3709
3 -10 2069
3 -9 5613
3 -8 2534
3 -7 1532
3 -6 4092
3 -5 2279
3 -4 1619
3 -3 3316
3 -2 6595
3 -1 8737
3 1 1824
3 2 11
3 3 1
3 5 1
4 -48 237
4 -47 106
4 -46 622
4 -45 206
4 -44 5
4 -43 171
4 -42 177
4 -41 60
4 -40 295
4 -39 302
4 -38 165
4 -37 74
4 -36 152
4 -35 7
4 -34 160
4 -33 388
4 -32 133
4 -31 550
4 -30 270
4 -29 36
4 -28 1080
4 -27 424
4 -26 32
4 -25 513
4 -24 499
4 -23 795
4 -22 851
4 -21 86
4 -20 1039
4 -19 111
4 -18 1472
4 -17 201
4 -16 3281
4 -15 1637
4 -14 2150
4 -13 155
4 -12 270
4 -11 2051
4 -10 1572
4 -9 216
4 -8 1256
4 -7 114
4 -6 167
4 -5 995
4 -4 144
4 -3 342
4 -2 3271
4 -1 9195
4 1 669
4 2 4
4 4 2
4 6 1
5 -47 186
5 -46 196
5 -45 212
5 -44 547
5 -43 183
5 -42 198
5 -41 8
5 -40 176
5 -39 154
5 -38 185
5 -37 166
5 -36 126
5 -35 13
5 -34 172
5 -33 152
5 -32 20
5 -31 291
5 -30 330
5 -29 578
5 -28 359
5 -27 49
5 -26 970
5 -25 595
5 -24 660
5 -23 727
5 -22 74
5 -21 136
5 -20 1354
5 -19 4806
5 -18 1863
5 -17 4990
5 -16 2395
5 -15 2532
5 -14 2449
5 -13 647
5 -12 6675
5 -11 2515
5 -10 2289
5 -9 3137
5 -8 1534
5 -7 364
5 -6 2113
5 -5 1585
5 -4 2677
5 -3 3855
5 -2 4288
5 -1 10895
5 1 1002
5 2 11
5 3 4
5 4 1
6 -46 218
6 -44 120
6 -43 122
6 -42 145
6 -41 192
6 -40 222
6 -39 2
6 -38 6
6 -37 69
6 -36 66
6 -35 6
6 -34 131
6 -33 110
6 -32 210
6 -31 278
6 -30 243
6 -29 15
6 -28 162
6 -27 757
6 -26 626
6 -25 437
6 -24 764
6 -23 34
6 -22 140
6 -21 3109
6 -20 1574
6 -19 1522
6 -18 154
6 -17 2306
6 -16 1930
6 -15 2867
6 -14 2189
6 -13 5263
6 -12 2860
6 -11 2448
6 -10 2179
6 -9 1434
6 -8 309
6 -7 2536
6 -6 1181
6 -5 762
6 -4 656
6 -3 201
6 -2 1734
6 -1 6704
6 1 1733
6 2 15
6 5 2
7 -45 277
7 -44 157
7 -43 131
7 -42 102
7 -41 5
7 -40 126
7 -39 290
7 -38 234
7 -37 107
7 -36 54
7 -35 325
7 -34 59
7 -33 100
7 -32 6
7 -31 155
7 -30 263
7 -29 622
7 -28 275
7 -27 273
7 -26 23
7 -25 483
7 -24 550
7 -23 98
7 -22 2150
7 -21 671
7 -20 835
7 -19 1029
7 -18 61
7 -17 1462
7 -16 90
7 -15 1726
7 -14 141
7 -13 1709
7 -12 1115
7 -11 1339
7 -10 67
7 -9 189
7 -8 1752
7 -7 550
7 -6 54
7 -5 425
7 -4 56
7 -3 72
7 -2 801
7 -1 109
7 1 1462
7 2 5
7 3 1
7 4 1
8 -44 198
8 -43 157
8 -42 170
8 -41 271
8 -40 1
8 -39 135
8 -38 152
8 -37 110
8 -36 84
8 -35 71
8 -34 83
8 -33 89
8 -32 257
8 -31 6
8 -30 196
8 -29 335
8 -28 347
8 -27 386
8 -26 764
8 -25 32
8 -24 705
8 -23 2092
8 -22 69
8 -21 839
8 -20 863
8 -19 1169
8 -18 4330
8 -17 193
8 -16 3368
8 -15 254
8 -14 3841
8 -13 277
8 -12 2209
8 -11 2159
8 -10 2873
8 -9 147
8 -8 211
8 -7 1171
8 -6 1333
8 -5 171
8 -4 1455
8 -3 207
8 -2 977
8 -1 12792
8 1 5
8 2 1
8 5 1
8 9 1
9 -43 206
9 -42 3
9 -41 125
9 -40 321
9 -39 156
9 -38 194
9 -37 155
9 -36 3
9 -35 4
9 -34 103
9 -33 123
9 -32 9
9 -31 336
9 -30 244
9 -29 332
9 -28 402
9 -27 453
9 -26 44
9 -25 1167
9 -24 703
9 -23 808
9 -22 1455
9 -21 1001
9 -20 57
9 -19 122
9 -18 1720
9 -17 3476
9 -16 2284
9 -15 286
9 -14 3020
9 -13 5006
9 -12 3126
9 -11 2961
9 -10 2668
9 -9 4594
9 -8 2981
9 -7 1450
9 -6 1263
9 -5 250
9 -4 1668
9 -3 4908
9 -2 5491
9 -1 7985
9 1 1821
9 2 16
9 4 1
9 6 1
10 -42 252
10 -41 142
10 -40 148
10 -39 149
10 -38 5
10 -37 130
10 -36 243
10 -35 233
10 -34 127
10 -33 101
10 -32 255
10 -31 169
10 -30 201
10 -29 11
10 -28 306
10 -27 399
10 -26 1069
10 -25 591
10 -24 634
10 -23 27
10 -22 634
10 -21 836
10 -20 120
10 -19 2265
10 -18 1198
10 -17 1535
10 -16 1705
10 -15 124
10 -14 2139
10 -13 171
10 -12 1921
10 -11 164
10 -10 1539
10 -9 1100
10 -8 886
10 -7 60
10 -6 192
10 -5 2386
10 -4 542
10 -3 69
10 -2 961
10 -1 603
10 1 1233
10 2 5
11 -41 211
11 -40 110
11 -39 193
11 -38 334
11 -37 5
11 -36 143
11 -35 207
11 -34 94
11 -33 147
11 -32 139
11 -31 245
11 -30 219
11 -29 488
11 -28 19
11 -27 359
11 -26 527
11 -25 610
11 -24 678
11 -23 1364
11 -22 57
11 -21 1024
11 -20 3009
11 -19 124
11 -18 1287
11 -17 1679
11 -16 2395
11 -15 8382
11 -14 355
11 -13 4591
11 -12 382
11 -11 4297
11 -10 309
11 -9 2315
11 -8 1797
11 -7 2207
11 -6 118
11 -5 238
11 -4 1839
11 -3 2362
11 -2 1023
11 -1 13537
11 1 6
11 2 3
12 -40 260
12 -39 77
12 -38 92
12 -37 335
12 -36 143
12 -35 141
12 -34 5
12 -33 125
12 -32 150
12 -31 185
12 -30 240
12 -29 204
12 -28 26
12 -27 316
12 -26 453
12 -25 41
12 -24 676
12 -23 718
12 -22 1587
12 -21 884
12 -20 105
12 -19 2148
12 -18 1441
12 -17 1958
12 -16 2351
12 -15 182
12 -14 347
12 -13 3135
12 -12 5973
12 -11 3471
12 -10 4971
12 -9 2460
12 -8 1944
12 -7 1655
12 -6 280
12 -5 2817
12 -4 1748
12 -3 2215
12 -2 5252
12 -1 9096
12 1 1514
12 2 11
12 3 3
12 4 1
12 5 2
13 -39 97
13 -38 146
13 -37 111
13 -36 115
13 -35 10
13 -34 283
13 -33 134
13 -32 186
13 -31 171
13 -30 188
13 -29 218
13 -28 783
13 -27 308
13 -26 27
13 -25 964
13 -24 563
13 -23 591
13 -22 700
13 -21 708
13 -20 53
13 -19 949
13 -18 1143
13 -17 108
13 -16 1699
13 -15 4348
13 -14 6959
13 -13 1785
13 -12 158
13 -11 1543
13 -10 151
13 -9 1065
13 -8 159
13 -7 992
13 -6 3693
13 -5 543
13 -4 72
13 -3 168
13 -2 1524
13 -1 5993
13 1 1472
13 2 7
13 4 2
13 7 3
14 -38 155
14 -37 2
14 -36 140
14 -35 262
14 -34 153
14 -33 183
14 -32 240
14 -31 5
14 -30 14
14 -29 271
14 -28 338
14 -27 25
14 -26 862
14 -25 473
14 -24 549
14 -23 660
14 -22 854
14 -21 106
14 -20 2603
14 -19 1054
14 -18 1472
14 -17 3667
14 -16 2080
14 -15 107
14 -14 262
14 -13 3076
14 -12 5109
14 -11 2894
14 -10 288
14 -9 2605
14 -8 3116
14 -7 2021
14 -6 1725
14 -5 1826
14 -4 2389
14 -3 2950
14 -2 3096
14 -1 8563
14 1 701
14 2 6
14 3 2
14 6 1
15 -37 147
15 -36 89
15 -35 1
15 -34 2
15 -33 193
15 -32 5
15 -31 281
15 -30 297
15 -29 255
15 -28 7
15 -27 7
15 -26 399
15 -25 344
15 -24 508
15 -23 23
15 -22 621
15 -21 49
15 -20 926
15 -19 59
15 -18 1363
15 -17 1621
15 -16 250
15 -15 4419
15 -14 4916
15 -13 2349
15 -12 2377
15 -11 2217
15 -10 5779
15 -9 1659
15 -8 1252
15 -7 82
15 -6 715
15 -5 56
15 -4 73
15 -3 671
15 -2 1160
15 -1 5137
15 1 1305
15 2 7
15 3 3
15 5 1
15 7 1
16 -36 70
16 -35 312
16 -34 254
16 -33 146
16 -32 2
16 -31 213
16 -30 137
16 -29 245
16 -28 621
16 -27 993
16 -26 403
16 -25 499
16 -24 455
16 -23 23
16 -22 646
16 -21 2144
16 -20 993
16 -19 1966
16 -18 994
16 -17 140
16 -16 3797
16 -15 2153
16 -14 154
16 -13 2368
16 -12 2287
16 -11 2396
16 -10 2273
16 -9 146
16 -8 1670
16 -7 121
16 -6 1155
16 -5 128
16 -4 1714
16 -3 1283
16 -2 1566
16 -1 99
16 1 503
16 2 6
16 5 1
17 -35 146
17 -34 114
17 -33 173
17 -32 586
17 -31 4
17 -30 207
17 -29 280
17 -28 269
17 -27 313
17 -26 344
17 -25 441
17 -24 541
17 -23 1724
17 -22 45
17 -21 706
17 -20 954
17 -19 1001
17 -18 1244
17 -17 2832
17 -16 250
17 -15 2270
17 -14 4707
17 -13 372
17 -12 2803
17 -11 2655
17 -10 2746
17 -9 4535
17 -8 471
17 -7 4010
17 -6 361
17 -5 3235
17 -4 374
17 -3 2729
17 -2 6055
17 -1 36315
17 1 5
18 -34 494
18 -33 183
18 -32 218
18 -31 441
18 -30 321
18 -29 331
18 -28 17
18 -27 359
18 -26 487
18 -25 534
18 -24 590
18 -23 630
18 -22 59
18 -21 773
18 -20 912
18 -19 75
18 -18 1438
18 -17 1719
18 -16 3371
18 -15 2071
18 -14 333
18 -13 5035
18 -12 2734
18 -11 2634
18 -10 2538
18 -9 143
18 -8 248
18 -7 1869
18 -6 3295
18 -5 1824
18 -4 3510
18 -3 2329
18 -2 3411
18 -1 10129
18 1 1486
18 2 8
18 4 2
18 9 1
19 -33 186
19 -32 260
19 -30 2
19 -29 356
19 -28 6
19 -27 422
19 -26 504
19 -25 496
19 -24 7
19 -23 38
19 -22 1915
19 -21 731
19 -20 887
19 -19 38
19 -18 1241
19 -17 60
19 -16 1739
19 -15 192
19 -14 4352
19 -13 2078
19 -12 134
19 -11 1840
19 -10 1643
19 -9 3732
19 -8 4870
19 -7 858
19 -6 735
19 -5 672
19 -4 723
19 -3 77
19 -2 1309
19 -1 113
19 1 1208
19 2 6
19 6 1
20 -32 177
20 -31 566
20 -30 4
20 -29 19
20 -28 1043
20 -27 12
20 -26 403
20 -25 670
20 -24 1162
20 -23 37
20 -22 43
20 -21 885
20 -20 898
20 -19 2986
20 -18 142
20 -17 3547
20 -16 278
20 -15 4215
20 -14 268
20 -13 2748
20 -12 4642
20 -11 305
20 -10 2341
20 -9 2342
20 -8 1940
20 -7 1543
20 -6 1416
20 -5 1425
20 -4 1534
20 -3 2541
20 -2 2497
20 -1 31036
20 1 18
20 3 1
21 -31 192
21 -30 768
21 -29 412
21 -28 180
21 -27 10
21 -26 321
21 -25 510
21 -24 529
21 -23 1754
21 -22 1240
21 -21 484
21 -20 725
21 -19 758
21 -18 85
21 -17 1361
21 -16 4260
21 -15 2255
21 -14 4520
21 -13 2022
21 -12 354
21 -11 4743
21 -10 2024
21 -9 266
21 -8 1712
21 -7 1401
21 -6 1284
21 -5 1180
21 -4 180
21 -3 1550
21 -2 2291
21 -1 27796
21 1 1057
21 2 7
22 -30 272
22 -29 215
22 -28 2
22 -27 5
22 -26 459
22 -25 9
22 -24 602
22 -23 634
22 -22 639
22 -21 29
22 -20 51
22 -19 1007
22 -18 3393
22 -17 1432
22 -16 142
22 -15 2557
22 -14 192
22 -13 2596
22 -12 235
22 -11 2606
22 -10 2601
22 -9 242
22 -8 2307
22 -7 1971
22 -6 1766
22 -5 1834
22 -4 3255
22 -3 2417
22 -2 6850
22 -1 10379
22 1 629
22 2 3
22 4 2
22 5 1
22 8 1
23 -29 268
23 -28 630
23 -27 1329
23 -26 335
23 -25 9
23 -24 449
23 -23 570
23 -22 641
23 -21 1326
23 -20 1593
23 -19 817
23 -18 981
23 -17 1214
23 -16 99
23 -15 1937
23 -14 4898
23 -13 2475
23 -12 6457
23 -11 1787
23 -10 366
23 -9 5979
23 -8 1420
23 -7 159
23 -6 1090
23 -5 1077
23 -4 1262
23 -3 1439
23 -2 1511
23 -1 20367
23 1 480
23 2 3
23 3 1
24 -28 306
24 -27 3
24 -26 441
24 -25 1427
24 -24 595
24 -23 600
24 -22 770
24 -21 23
24 -20 34
24 -19 961
24 -18 1283
24 -17 142
24 -16 4872
24 -15 2188
24 -14 2446
24 -13 2994
24 -12 2601
24 -11 294
24 -10 4086
24 -9 2290
24 -8 2232
24 -7 2831
24 -6 1575
24 -5 71
24 -4 182
24 -3 2115
24 -2 4365
24 -1 9647
24 1 655
24 2 6
25 -27 614
25 -26 386
25 -25 452
25 -24 475
25 -23 10
25 -22 620
25 -21 1453
25 -20 1590
25 -19 838
25 -18 1011
25 -17 2537
25 -16 1253
25 -15 1329
25 -14 67
25 -13 1578
25 -12 1604
25 -11 3556
25 -10 1147
25 -9 943
25 -8 60
25 -7 620
25 -6 446
25 -5 116
25 -4 2078
25 -3 526
25 -2 874
25 -1 4433
25 1 920
25 2 5
26 -26 1123
26 -25 546
26 -24 803
26 -23 1316
26 -22 826
26 -21 686
26 -20 24
26 -19 949
26 -18 1038
26 -17 1177
26 -16 1628
26 -15 1462
26 -14 95
26 -13 2260
26 -12 2071
26 -11 130
26 -10 2058
26 -9 1695
26 -8 2246
26 -7 1389
26 -6 182
26 -5 3056
26 -4 1569
26 -3 1807
26 -2 2363
26 -1 145
26 1 598
26 2 5
26 4 1
27 -25 1155
27 -24 834
27 -23 985
27 -22 998
27 -21 1159
27 -20 1921
27 -19 32
27 -18 1365
27 -17 1642
27 -16 1812
27 -15 2101
27 -14 5453
27 -13 108
27 -12 2091
27 -11 3658
27 -10 123
27 -9 1198
27 -8 903
27 -7 640
27 -6 1811
27 -5 94
27 -4 624
27 -3 839
27 -2 1816
27 -1 12627
27 1 8
27 2 1
27 3 3
27 4 2
27 5 1
28 -24 652
28 -23 2
28 -22 650
28 -21 796
28 -20 876
28 -19 1951
28 -18 1003
28 -17 9
28 -16 43
28 -15 1422
28 -14 1517
28 -13 51
28 -12 1331
28 -11 1167
28 -10 2516
28 -9 873
28 -8 635
28 -7 40
28 -6 421
28 -5 814
28 -4 467
28 -3 584
28 -2 1207
28 -1 76
28 1 2302
28 2 12
28 3 1
28 6 1
28 9 1
29 -23 1287
29 -21 673
29 -20 704
29 -19 850
29 -18 737
29 -17 2102
29 -16 31
29 -15 46
29 -14 1298
29 -13 4287
29 -12 84
29 -11 1188
29 -10 1060
29 -9 711
29 -8 778
29 -7 685
29 -6 60
29 -5 395
29 -4 452
29 -3 593
29 -2 1445
29 -1 13955
29 1 7
29 11 1
30 -22 1309
30 -21 758
30 -20 749
30 -19 719
30 -18 17
30 -17 942
30 -16 3330
30 -15 2412
30 -14 1366
30 -13 1324
30 -12 2557
30 -11 1204
30 -10 1054
30 -9 62
30 -8 665
30 -7 531
30 -6 775
30 -5 456
30 -4 442
30 -3 116
30 -2 1261
30 -1 7054
30 1 2749
30 2 7
30 3 1
30 4 1
31 -21 601
31 -20 686
31 -19 2
31 -18 13
31 -17 1123
31 -16 23
31 -15 1146
31 -14 1464
31 -13 1578
31 -12 31
31 -11 93
31 -10 1638
31 -9 2200
31 -8 1355
31 -7 78
31 -6 1011
31 -5 65
31 -4 1404
31 -3 129
31 -2 2366
31 -1 7938
31 1 636
31 2 3
31 3 1
31 4 1
31 9 1
32 -20 1417
32 -19 1917
32 -18 2877
32 -17 1258
32 -16 2591
32 -15 1586
32 -14 75
32 -13 1919
32 -12 3532
32 -11 3733
32 -10 1771
32 -9 1652
32 -8 119
32 -7 2082
32 -6 1046
32 -5 109
32 -4 1220
32 -3 3253
32 -2 2532
32 -1 18340
32 1 521
32 2 4
32 3 3
33 -19 595
33 -18 716
33 -17 818
33 -16 1032
33 -15 43
33 -14 2755
33 -13 1199
33 -12 1098
33 -11 986
33 -10 944
33 -9 821
33 -8 1824
33 -7 542
33 -6 117
33 -5 2377
33 -4 572
33 -3 759
33 -2 1249
33 -1 6945
33 1 1353
33 2 5
33 5 2
33 6 1
34 -18 791
34 -17 866
34 -16 8
34 -15 34
34 -14 1780
34 -13 38
34 -12 1524
34 -11 1639
34 -10 1731
34 -9 44
34 -8 82
34 -7 1419
34 -6 1627
34 -5 1259
34 -4 71
34 -3 1687
34 -2 409
34 -1 8724
34 1 679
34 2 7
34 4 2
35 -17 930
35 -16 20
35 -15 4256
35 -14 1561
35 -13 3106
35 -12 1622
35 -11 1630
35 -10 65
35 -9 120
35 -8 2907
35 -7 1202
35 -6 87
35 -5 992
35 -4 2469
35 -3 1330
35 -2 4795
35 -1 15554
35 1 683
35 2 5
35 3 7
36 -16 4164
36 -15 1344
36 -14 12
36 -13 32
36 -12 1513
36 -11 56
36 -10 3030
36 -9 4048
36 -8 797
36 -7 25
36 -6 29
36 -5 532
36 -4 568
36 -3 619
36 -2 209
36 -1 4874
36 1 1106
36 2 2
36 3 1
36 9 1
37 -15 3538
37 -14 3367
37 -13 3189
37 -12 1651
37 -11 3305
37 -10 1815
37 -9 76
37 -8 1811
37 -7 1767
37 -6 2572
37 -5 1001
37 -4 1190
37 -3 208
37 -2 3391
37 -1 21042
37 1 496
37 2 5
37 3 1
37 4 1
38 -14 1245
38 -13 1333
38 -12 6
38 -11 16
38 -10 1032
38 -9 27
38 -8 908
38 -7 616
38 -6 497
38 -5 27
38 -4 86
38 -3 2032
38 -2 1286
38 -1 5286
38 1 1573
38 2 1
38 3 2
38 6 1
38 10 1
39 -13 1204
39 -12 2974
39 -11 2641
39 -10 1276
39 -9 37
39 -8 1350
39 -7 1198
39 -6 1295
39 -5 1586
39 -4 1679
39 -3 1105
39 -2 2834
39 -1 20689
39 1 493
39 2 15
39 3 2
39 4 1
40 -12 3415
40 -11 1784
40 -10 2313
40 -9 5885
40 -8 2039
40 -7 1733
40 -6 37
40 -5 1830
40 -4 2119
40 -3 2092
40 -2 2683
40 -1 8852
40 1 713
40 2 5
40 5 1
40 9 1
41 -11 1073
41 -10 4
41 -9 1125
41 -8 891
41 -7 778
41 -6 2381
41 -5 591
41 -4 18
41 -3 60
41 -2 1601
41 -1 7356
41 1 1619
41 2 8
41 3 5
41 4 1
41 9 1
42 -10 3151
42 -9 1559
42 -8 9
42 -7 15
42 -6 748
42 -5 24
42 -4 1398
42 -3 1634
42 -2 832
42 -1 27
42 1 1251
42 2 4
42 3 2
42 4 1
43 -9 2698
43 -8 3907
43 -7 27
43 -6 31
43 -5 2206
43 -4 59
43 -3 1895
43 -2 3106
43 -1 27048
43 1 2
43 2 1
43 3 1
43 4 2
43 6 1
44 -8 2370
44 -7 17
44 -6 2957
44 -5 1501
44 -4 3377
44 -3 1864
44 -2 2545
44 -1 53
44 1 1120
44 2 2
44 4 1
44 5 2
45 -7 5249
45 -6 6
45 -5 696
45 -4 682
45 -3 837
45 -2 2761
45 -1 47098
45 1 3
45 2 2
45 3 3
45 7 1
46 -6 3468
46 -5 661
46 -4 706
46 -3 756
46 -2 1095
46 -1 7945
46 1 2255
46 2 6
46 3 3
47 -5 666
47 -4 675
47 -3 5
47 -2 168
47 -1 12195
47 1 1877
47 2 7
47 3 3
47 6 1
48 -4 1275
48 -3 2102
48 -2 3501
48 -1 38358
48 1 780
48 2 6
48 3 3
48 4 5
48 5 1
48 6 1
49 -3 1572
49 -2 1882
49 -1 18
49 1 905
49 3 3
49 4 1
49 8 1
50 -2 1473
50 -1 21777
50 2 3
50 4 1
50 5 1
51 -1 20938
51 1 1127
51 2 6
51 3 1
52 1 2819
52 2 14
52 3 4
52 4 5
52 5 8
52 6 3
52 7 4
52 8 1
52 9 8
52 10 1
52 12 1
52 13 1
52 14 1
52 15 3
