ROI: kras
Phase: 3
Total nodes checked: 146979
Total variants found: 38784
0 C 2
0 G 1
0 N 143
1 A 2
1 T 9
1 N 233
2 A 4
2 T 8
2 N 200
3 G 9
3 N 180
4 A 6
4 C 5
4 T 1
4 N 290
5 A 29
5 G 9
5 T 21
5 N 120
6 C 8
6 G 6
6 N 168
7 A 3
7 T 14
7 N 123
8 A 4
8 T 10
8 N 106
9 C 1
9 G 17
9 N 1748
10 A 3
10 T 18
10 N 186
11 A 2
11 C 9
11 T 9
11 N 214
12 A 51
12 G 28
12 T 15
12 N 221
13 A 3
13 C 16
13 T 14
13 N 166
14 A 11
14 C 4
14 G 17
14 N 527
15 C 1
15 G 16
15 T 20
15 N 365
16 A 23
16 T 7
16 N 342
17 A 3
17 C 12
17 T 3
17 N 469
18 A 56
18 G 21
18 T 10
18 N 572
19 C 21
19 G 5
19 T 2
19 N 636
20 G 23
20 N 856
21 A 33
21 T 5
21 N 86
22 C 1
22 G 44
22 T 1
22 N 292
23 A 26
23 T 23
23 N 123
24 A 1
24 C 1
24 G 37
24 N 3275
25 A 2
25 C 16
25 T 25
25 N 115
26 A 26
26 G 29
26 T 10
26 N 652
27 A 11
27 G 1
27 T 24
27 N 380
28 A 1
28 C 28
28 G 2
28 N 287
29 A 1
29 C 2
29 G 12
29 N 256
30 A 13
30 C 1
30 T 34
30 N 591
31 C 12
31 G 38
31 T 1
31 N 709
32 A 49
32 G 14
32 T 10
32 N 249
33 A 15
33 C 30
33 T 4
33 N 301
34 C 1
34 G 36
34 T 11
34 N 718
35 A 43
35 C 2
35 G 2
35 N 367
36 C 15
36 G 8
36 T 28
36 N 218
37 A 77
37 G 3
37 T 6
37 N 198
38 C 27
38 G 17
38 N 302
39 A 28
39 C 14
39 T 5
39 N 233
40 A 26
40 G 25
40 T 23
40 N 273
41 A 11
41 C 23
41 N 201
42 C 1
42 G 2
42 T 23
42 N 513
43 G 6
43 T 10
43 N 342
44 A 21
44 C 3
44 N 1715
45 C 9
45 G 2
45 N 236
46 A 26
46 T 27
46 N 463
47 C 17
47 G 10
47 T 1
47 N 470
48 A 20
48 T 6
48 N 133
49 C 1
49 G 15
49 N 203
50 C 1
50 G 6
50 T 5
50 N 239
51 A 4
51 C 6
51 N 339
0 -16 1
0 -13 1
0 -11 2
0 -10 2
0 -8 1
0 -7 7
0 -6 2
0 -5 3
0 -4 6
0 -3 11
0 -2 32
0 -1 203
1 -7 1
1 -5 1
1 -4 3
1 -3 1
1 -2 5
1 1 55
1 2 1
2 -17 2
2 -12 1
2 -10 2
2 -8 1
2 -7 5
2 -6 2
2 -5 2
2 -4 11
2 -3 24
2 -2 39
2 -1 224
2 1 1
3 -16 1
3 -10 2
3 -9 4
3 -8 5
3 -7 1
3 -6 10
3 -5 12
3 -4 9
3 -3 14
3 -2 52
3 -1 119
3 1 21
4 -10 2
4 -7 1
4 -6 1
4 -5 6
4 -4 3
4 -3 9
4 -2 53
4 -1 254
4 1 11
5 -19 1
5 -12 2
5 -11 1
5 -8 1
5 -7 1
5 -6 4
5 -5 7
5 -4 23
5 -3 24
5 -2 39
5 -1 131
5 1 17
6 -13 1
6 -10 2
6 -7 5
6 -6 2
6 -5 2
6 -4 2
6 -3 4
6 -2 22
6 -1 61
6 1 33
6 2 2
7 -13 2
7 -7 2
7 -5 1
7 -2 9
7 1 24
8 -21 1
8 -12 2
8 -11 2
8 -7 4
8 -6 5
8 -5 1
8 -4 3
8 -3 2
8 -2 36
8 -1 214
8 2 1
9 -18 1
9 -14 1
9 -10 2
9 -9 1
9 -8 4
9 -7 6
9 -6 3
9 -5 2
9 -4 9
9 -3 33
9 -2 56
9 -1 81
9 1 27
10 -10 1
10 -6 3
10 -5 6
10 -4 2
10 -2 3
10 -1 2
10 1 21
11 -17 1
11 -11 1
11 -9 1
11 -7 5
11 -5 3
11 -4 9
11 -3 20
11 -2 25
11 -1 214
12 -11 2
12 -10 1
12 -9 1
12 -8 2
12 -7 4
12 -6 1
12 -5 6
12 -4 10
12 -3 19
12 -2 52
12 -1 120
12 1 30
12 9 1
13 -11 1
13 -6 11
13 -5 3
13 -3 1
13 -2 20
13 -1 98
13 1 27
13 2 1
14 -18 1
14 -13 1
14 -12 1
14 -8 3
14 -7 5
14 -6 6
14 -5 10
14 -4 15
14 -3 13
14 -2 31
14 -1 106
14 1 15
14 2 1
15 -14 1
15 -12 1
15 -9 2
15 -6 2
15 -4 1
15 -3 3
15 -2 9
15 -1 64
15 1 36
15 2 1
16 -11 1
16 -10 1
16 -8 1
16 -6 3
16 -4 7
16 -3 10
16 -2 13
16 -1 1
16 1 8
17 -32 1
17 -7 7
17 -6 2
17 -5 13
17 -4 5
17 -3 30
17 -2 101
17 -1 498
18 -13 2
18 -11 1
18 -10 1
18 -6 3
18 -5 7
18 -4 20
18 -3 16
18 -2 37
18 -1 117
18 1 26
19 -33 1
19 -15 1
19 -8 5
19 -6 4
19 -5 3
19 -4 2
19 -2 5
19 -1 1
19 1 27
19 11 1
20 -9 3
20 -8 3
20 -7 3
20 -6 3
20 -5 8
20 -4 8
20 -3 21
20 -2 51
20 -1 373
21 -17 1
21 -15 1
21 -14 1
21 -13 1
21 -11 1
21 -10 2
21 -7 3
21 -6 2
21 -5 6
21 -4 3
21 -3 14
21 -2 60
21 -1 410
21 1 27
22 -10 1
22 -7 1
22 -6 4
22 -5 1
22 -4 13
22 -3 20
22 -2 62
22 -1 137
22 1 9
23 -14 1
23 -12 2
23 -9 5
23 -8 3
23 -6 5
23 -5 7
23 -4 8
23 -3 20
23 -2 54
23 -1 293
23 1 12
24 -13 1
24 -10 1
24 -9 1
24 -8 1
24 -7 4
24 -6 4
24 -4 6
24 -3 9
24 -2 51
24 -1 143
24 1 12
24 8 1
25 -11 1
25 -6 2
25 -4 8
25 -3 6
25 -2 12
25 -1 77
25 1 20
26 -8 1
26 -7 3
26 -6 1
26 -5 14
26 -4 6
26 -3 14
26 -2 18
26 -1 6
26 1 13
27 -14 1
27 -11 2
27 -9 1
27 -8 1
27 -7 2
27 -6 7
27 -5 1
27 -4 6
27 -3 7
27 -2 26
27 -1 175
27 1 1
28 -15 1
28 -9 1
28 -6 1
28 -5 5
28 -4 2
28 -3 3
28 -2 2
28 -1 1
28 1 59
28 2 2
29 -13 1
29 -8 2
29 -7 2
29 -5 2
29 -4 3
29 -3 6
29 -2 25
29 -1 150
30 -11 1
30 -10 1
30 -6 1
30 -3 1
30 -2 16
30 -1 99
30 1 39
31 -13 3
31 -11 2
31 -10 1
31 -9 2
31 -8 1
31 -6 5
31 -5 2
31 -4 6
31 -3 4
31 -2 32
31 -1 130
31 1 12
31 2 1
31 7 1
32 -18 1
32 -13 1
32 -12 1
32 -11 1
32 -8 1
32 -7 2
32 -6 4
32 -5 4
32 -4 10
32 -3 35
32 -2 61
32 -1 346
32 1 4
33 -19 1
33 -17 1
33 -14 1
33 -11 1
33 -9 1
33 -8 1
33 -6 1
33 -5 11
33 -4 3
33 -3 10
33 -2 21
33 -1 101
33 1 35
34 -18 1
34 -11 1
34 -6 4
34 -5 4
34 -3 12
34 -2 20
34 -1 110
34 1 11
34 2 1
35 -11 1
35 -8 2
35 -7 1
35 -5 2
35 -4 13
35 -3 21
35 -2 75
35 -1 350
35 1 14
35 3 1
36 -12 2
36 -9 1
36 -8 1
36 -5 1
36 -4 1
36 -3 9
36 -2 3
36 -1 79
36 1 20
37 -12 1
37 -8 1
37 -7 1
37 -6 8
37 -5 2
37 -4 11
37 -3 14
37 -2 71
37 -1 465
37 1 8
38 -8 1
38 -3 8
38 -2 16
38 -1 56
38 1 17
39 -11 1
39 -8 1
39 -6 3
39 -5 3
39 -4 8
39 -3 20
39 -2 66
39 -1 473
39 1 11
39 2 1
40 -10 1
40 -9 3
40 -8 3
40 -5 3
40 -4 9
40 -3 21
40 -2 42
40 -1 191
40 1 14
41 -7 1
41 -6 3
41 -2 9
41 -1 75
41 1 20
42 -10 1
42 -9 2
42 -6 2
42 -4 2
42 -3 6
42 -2 5
42 1 23
43 -8 2
43 -6 1
43 -5 2
43 -4 2
43 -3 9
43 -2 77
43 -1 644
43 2 1
44 -8 3
44 -6 6
44 -5 8
44 -4 16
44 -3 15
44 -2 19
44 1 16
45 -7 6
45 -5 1
45 -4 3
45 -3 10
45 -2 55
45 -1 773
46 -6 2
46 -5 1
46 -3 4
46 -2 11
46 -1 102
46 1 31
47 -5 1
47 -4 2
47 -2 3
47 -1 75
47 1 13
48 -4 3
48 -3 16
48 -2 69
48 -1 689
48 1 7
49 -3 11
49 -2 26
49 1 11
50 -2 32
50 -1 772
51 -1 718
51 1 18
52 1 43
52 6 1
