ROI: kras
Phase: 2
Total nodes checked: 21606
Total variants found: 1070
0 N 2
1 N 21
2 N 1
3 N 8
4 N 8
5 N 15
6 N 6
7 N 8
8 N 3
9 N 22
10 N 7
11 N 3
12 T 1
12 N 15
13 N 5
14 N 11
15 N 7
16 N 24
17 C 1
17 N 8
18 A 1
18 N 27
19 N 19
20 G 1
20 N 24
21 A 1
21 N 6
22 G 1
22 N 20
23 T 1
23 N 6
24 N 50
25 N 6
26 N 22
27 N 29
28 N 10
29 N 14
30 N 16
31 N 21
32 N 26
33 N 9
34 N 21
35 N 24
36 N 9
37 N 24
38 N 19
39 N 20
40 N 18
41 N 8
42 N 15
43 N 7
44 N 32
45 N 52
46 N 9
47 N 75
48 N 21
49 N 9
50 N 9
51 N 17
0 -1 2
2 -4 2
2 -3 1
2 -2 2
2 -1 2
3 -3 2
3 -1 1
4 -2 1
4 -1 3
5 -5 1
5 -1 1
5 3 1
6 -4 1
6 -2 1
6 -1 1
8 -1 1
9 -11 1
9 -2 1
10 1 1
11 -5 1
11 -1 3
12 -4 1
12 -1 1
13 -1 2
14 -1 2
16 -4 1
16 -3 1
17 -2 5
17 -1 3
18 -6 1
19 1 2
20 -5 1
20 -2 1
20 -1 10
21 -5 1
21 -2 2
21 -1 9
21 1 1
22 -1 3
23 -1 5
24 -2 1
24 -1 2
25 -1 1
26 -4 1
27 -14 1
27 -1 5
29 -1 1
30 -5 1
31 -2 1
31 -1 4
32 -3 2
32 -2 3
32 -1 6
33 -1 1
33 1 2
34 -1 4
35 -2 1
35 -1 7
36 -1 2
37 -4 1
37 -1 7
39 -2 2
40 -1 2
41 -1 4
43 -1 6
44 -3 1
44 -2 1
45 -2 1
45 -1 11
46 -2 1
46 -1 1
46 1 2
48 -1 8
49 -2 1
50 -1 9
51 -1 8
52 1 1
