ROI: kras
Phase: 2
Total nodes checked: 255744
Total variants found: 19374
0 N 75
1 T 1
1 N 440
2 T 1
2 N 63
3 G 2
3 N 110
4 A 2
4 T 1
4 N 84
5 A 5
5 G 1
5 T 5
5 N 318
6 C 1
6 G 1
6 N 99
7 T 3
7 N 78
8 T 1
8 N 52
9 G 4
9 N 259
10 T 2
10 N 106
11 C 2
11 T 1
11 N 57
12 A 3
12 G 4
12 T 2
12 N 286
13 C 2
13 T 3
13 N 133
14 A 1
14 G 2
14 N 176
15 G 1
15 T 2
15 N 115
16 A 2
16 T 1
16 N 261
17 C 2
17 N 91
18 A 5
18 G 2
18 N 357
19 C 2
19 N 233
20 G 2
20 N 165
21 A 5
21 T 1
21 N 122
22 G 4
22 N 216
23 A 3
23 T 3
23 N 135
24 C 1
24 G 3
24 N 671
25 C 1
25 T 2
25 N 148
26 A 3
26 G 2
26 T 1
26 N 337
27 T 1
27 N 292
28 C 2
28 N 127
29 G 1
29 N 128
30 A 2
30 T 4
30 N 282
31 C 1
31 G 3
31 N 263
32 A 5
32 G 1
32 T 1
32 N 291
33 A 3
33 C 3
33 N 160
34 G 4
34 T 1
34 N 311
35 A 4
35 C 1
35 N 342
36 C 1
36 T 3
36 N 169
37 A 7
37 T 1
37 N 354
38 C 2
38 G 2
38 N 203
39 A 2
39 C 1
39 N 214
40 A 2
40 G 3
40 T 3
40 N 246
41 A 1
41 C 2
41 N 138
42 G 2
42 T 2
42 N 211
43 T 1
43 N 133
44 A 2
44 G 1
44 N 446
45 C 1
45 N 476
46 A 5
46 T 2
46 N 267
47 C 3
47 G 2
47 N 868
48 A 3
48 T 3
48 N 167
49 G 2
49 N 129
50 N 98
51 N 215
0 -52 3
0 -48 2
0 -47 1
0 -46 1
0 -43 3
0 -42 1
0 -40 2
0 -35 1
0 -32 1
0 -31 1
0 -30 3
0 -26 7
0 -25 7
0 -24 2
0 -23 6
0 -22 2
0 -21 7
0 -20 10
0 -19 5
0 -18 11
0 -17 8
0 -16 13
0 -15 38
0 -14 2
0 -13 19
0 -12 22
0 -11 24
0 -10 50
0 -9 2
0 -8 7
0 -7 18
0 -6 3
0 -5 5
0 -4 4
0 -3 3
0 -2 9
0 -1 38
1 -51 1
1 -50 4
1 -49 1
1 -46 1
1 -45 6
1 -40 1
1 -35 2
1 -34 1
1 -30 1
1 -28 3
1 -25 1
1 -23 3
1 -21 1
1 -20 1
1 -19 4
1 -18 2
1 -17 9
1 -16 1
1 -15 2
1 -14 31
1 -13 16
1 -11 14
1 -10 1
1 -8 3
1 -5 3
1 -2 7
1 1 4
2 -50 2
2 -49 3
2 -45 1
2 -44 2
2 -43 1
2 -42 1
2 -38 1
2 -36 1
2 -33 1
2 -32 1
2 -29 2
2 -27 1
2 -26 1
2 -25 1
2 -24 6
2 -23 1
2 -22 6
2 -20 10
2 -19 3
2 -18 10
2 -17 10
2 -16 20
2 -15 1
2 -14 1
2 -13 16
2 -12 26
2 -11 3
2 -10 10
2 -9 1
2 -8 3
2 -7 15
2 -5 2
2 -4 7
2 -3 12
2 -2 3
2 -1 26
3 -48 2
3 -45 1
3 -43 1
3 -42 1
3 -34 1
3 -30 2
3 -25 1
3 -24 4
3 -23 8
3 -22 4
3 -21 13
3 -20 8
3 -18 6
3 -17 2
3 -16 3
3 -15 48
3 -14 38
3 -13 20
3 -12 5
3 -11 19
3 -10 13
3 -9 50
3 -8 13
3 -7 10
3 -6 15
3 -5 8
3 -4 4
3 -3 13
3 -2 19
3 -1 21
3 1 3
4 -47 1
4 -46 2
4 -40 1
4 -38 1
4 -36 1
4 -31 2
4 -30 1
4 -28 4
4 -25 4
4 -24 1
4 -22 5
4 -21 1
4 -20 5
4 -19 2
4 -18 10
4 -17 1
4 -16 29
4 -15 7
4 -14 19
4 -12 3
4 -11 16
4 -10 7
4 -9 4
4 -8 10
4 -6 2
4 -5 5
4 -4 1
4 -2 8
4 -1 27
4 1 2
5 -47 1
5 -46 2
5 -45 1
5 -44 1
5 -39 2
5 -38 2
5 -34 1
5 -30 1
5 -29 1
5 -28 1
5 -25 2
5 -24 1
5 -23 2
5 -22 1
5 -20 4
5 -19 22
5 -18 12
5 -17 31
5 -16 21
5 -15 19
5 -14 15
5 -13 4
5 -12 53
5 -11 16
5 -10 13
5 -9 29
5 -8 4
5 -7 2
5 -6 5
5 -5 12
5 -4 3
5 -3 13
5 -2 9
5 -1 21
5 1 4
5 3 1
6 -31 1
6 -26 2
6 -25 2
6 -21 12
6 -20 5
6 -19 12
6 -18 1
6 -17 9
6 -16 2
6 -15 13
6 -14 3
6 -13 23
6 -12 9
6 -11 15
6 -10 11
6 -9 7
6 -8 2
6 -7 12
6 -6 6
6 -4 4
6 -3 1
6 -2 3
6 -1 14
6 1 2
7 -45 3
7 -44 1
7 -25 3
7 -24 2
7 -23 1
7 -22 6
7 -21 2
7 -20 1
7 -19 2
7 -17 10
7 -15 12
7 -14 1
7 -13 12
7 -12 6
7 -11 2
7 -8 7
7 -7 1
7 -6 1
7 -5 2
7 -2 2
7 1 4
8 -39 2
8 -29 1
8 -28 1
8 -27 2
8 -26 2
8 -24 3
8 -23 6
8 -22 3
8 -21 5
8 -20 4
8 -19 6
8 -18 16
8 -16 21
8 -14 24
8 -13 2
8 -12 22
8 -11 13
8 -10 14
8 -9 2
8 -7 6
8 -6 6
8 -4 2
8 -2 2
8 -1 31
9 -41 1
9 -31 1
9 -29 1
9 -28 1
9 -27 1
9 -25 1
9 -24 5
9 -23 3
9 -22 6
9 -21 7
9 -19 1
9 -18 9
9 -17 23
9 -16 12
9 -15 2
9 -14 16
9 -13 31
9 -12 22
9 -11 23
9 -10 14
9 -9 19
9 -8 15
9 -7 4
9 -6 9
9 -5 2
9 -4 3
9 -3 11
9 -2 17
9 -1 11
9 1 1
10 -42 1
10 -39 1
10 -34 1
10 -28 1
10 -27 4
10 -26 3
10 -25 1
10 -24 3
10 -22 1
10 -21 5
10 -20 2
10 -19 14
10 -18 5
10 -17 7
10 -16 8
10 -14 10
10 -13 2
10 -12 9
10 -11 2
10 -10 10
10 -9 5
10 -8 5
10 -5 7
10 -3 1
10 -2 3
10 1 2
11 -40 1
11 -35 1
11 -29 1
11 -27 1
11 -26 1
11 -25 3
11 -24 2
11 -23 1
11 -21 4
11 -20 13
11 -18 3
11 -17 10
11 -16 9
11 -15 43
11 -14 3
11 -13 23
11 -12 3
11 -11 19
11 -9 19
11 -8 5
11 -7 12
11 -6 3
11 -5 2
11 -4 4
11 -3 15
11 -2 4
11 -1 25
12 -24 1
12 -23 3
12 -22 10
12 -21 3
12 -19 5
12 -18 6
12 -17 9
12 -16 9
12 -15 2
12 -13 17
12 -12 47
12 -11 12
12 -10 30
12 -9 7
12 -8 6
12 -7 7
12 -6 3
12 -5 9
12 -4 3
12 -3 12
12 -2 9
12 -1 18
12 1 3
13 -34 1
13 -29 1
13 -27 1
13 -25 2
13 -24 2
13 -23 1
13 -22 5
13 -21 4
13 -19 2
13 -18 4
13 -16 6
13 -15 25
13 -14 39
13 -13 10
13 -12 1
13 -11 4
13 -10 1
13 -9 12
13 -7 2
13 -6 18
13 -2 7
13 -1 10
13 1 5
14 -38 1
14 -32 1
14 -29 3
14 -26 1
14 -25 1
14 -24 2
14 -23 2
14 -22 3
14 -21 1
14 -20 4
14 -19 7
14 -18 6
14 -17 21
14 -16 16
14 -13 19
14 -12 30
14 -11 15
14 -9 7
14 -8 16
14 -7 9
14 -6 8
14 -5 5
14 -4 12
14 -3 5
14 -2 6
14 -1 21
14 1 2
15 -30 1
15 -26 1
15 -20 8
15 -19 1
15 -18 4
15 -17 6
15 -16 5
15 -15 26
15 -14 33
15 -13 13
15 -12 11
15 -11 8
15 -10 35
15 -9 8
15 -8 2
15 -7 1
15 -6 1
15 -4 1
15 -3 2
15 -2 3
15 -1 7
15 1 3
16 -35 1
16 -28 2
16 -27 4
16 -25 1
16 -22 3
16 -21 6
16 -20 3
16 -19 8
16 -18 3
16 -17 1
16 -16 13
16 -15 13
16 -14 1
16 -13 13
16 -12 18
16 -11 11
16 -10 7
16 -9 1
16 -8 4
16 -6 7
16 -4 7
16 -3 6
16 -2 2
16 1 1
17 -32 1
17 -28 1
17 -23 4
17 -20 2
17 -19 1
17 -18 8
17 -17 7
17 -15 9
17 -14 32
17 -13 3
17 -12 14
17 -11 16
17 -10 13
17 -9 26
17 -8 3
17 -7 18
17 -6 4
17 -5 12
17 -4 1
17 -3 10
17 -2 18
17 -1 74
18 -31 1
18 -27 1
18 -25 3
18 -24 2
18 -23 1
18 -21 2
18 -20 3
18 -18 4
18 -17 6
18 -16 13
18 -15 5
18 -14 3
18 -13 26
18 -12 13
18 -11 15
18 -10 14
18 -8 1
18 -7 7
18 -6 14
18 -5 3
18 -4 10
18 -3 7
18 -2 7
18 -1 19
18 1 3
19 -26 2
19 -22 11
19 -21 3
19 -20 1
19 -18 2
19 -16 18
19 -15 1
19 -14 20
19 -13 14
19 -12 1
19 -11 12
19 -10 13
19 -9 15
19 -8 15
19 -7 1
19 -5 1
19 -4 1
19 -2 1
19 1 5
20 -28 1
20 -26 1
20 -25 2
20 -24 2
20 -21 1
20 -20 4
20 -19 9
20 -17 13
20 -16 2
20 -15 30
20 -14 1
20 -13 13
20 -12 34
20 -10 11
20 -9 15
20 -8 6
20 -7 8
20 -6 5
20 -5 11
20 -4 5
20 -3 7
20 -2 6
20 -1 66
21 -31 1
21 -29 1
21 -25 1
21 -24 1
21 -23 4
21 -22 2
21 -21 2
21 -20 6
21 -19 1
21 -17 6
21 -16 30
21 -15 17
21 -14 28
21 -13 9
21 -12 3
21 -11 22
21 -10 6
21 -9 1
21 -8 12
21 -7 9
21 -6 7
21 -5 2
21 -3 1
21 -2 9
21 -1 67
21 1 2
22 -26 1
22 -24 2
22 -23 1
22 -22 2
22 -19 9
22 -18 11
22 -17 9
22 -16 1
22 -15 11
22 -14 1
22 -13 8
22 -12 2
22 -11 12
22 -10 16
22 -9 2
22 -8 14
22 -7 7
22 -6 4
22 -5 8
22 -4 7
22 -3 8
22 -2 13
22 -1 20
23 -28 2
23 -27 1
23 -24 1
23 -23 1
23 -22 2
23 -21 4
23 -20 2
23 -19 1
23 -18 3
23 -17 5
23 -15 8
23 -14 24
23 -13 12
23 -12 25
23 -11 9
23 -10 3
23 -9 24
23 -8 9
23 -6 1
23 -5 3
23 -3 4
23 -2 5
23 -1 49
23 1 1
24 -28 1
24 -26 1
24 -25 1
24 -24 1
24 -23 2
24 -22 1
24 -19 2
24 -18 2
24 -16 24
24 -15 7
24 -14 9
24 -13 14
24 -12 14
24 -11 2
24 -10 16
24 -9 9
24 -8 14
24 -7 5
24 -6 4
24 -5 1
24 -4 1
24 -3 8
24 -2 10
24 -1 8
25 -26 1
25 -25 2
25 -24 1
25 -22 1
25 -21 6
25 -20 4
25 -19 3
25 -18 1
25 -17 8
25 -16 6
25 -15 5
25 -13 10
25 -12 5
25 -11 17
25 -10 4
25 -9 5
25 -6 3
25 -4 4
25 -2 1
25 -1 6
25 1 3
26 -26 1
26 -25 1
26 -24 4
26 -23 5
26 -22 3
26 -21 2
26 -19 5
26 -18 2
26 -17 2
26 -16 7
26 -15 4
26 -13 14
26 -12 12
26 -11 2
26 -10 9
26 -9 4
26 -8 8
26 -7 3
26 -6 2
26 -5 14
26 -4 5
26 -3 5
26 -2 2
26 -1 1
26 1 2
27 -25 2
27 -24 2
27 -23 4
27 -22 2
27 -21 1
27 -20 7
27 -18 8
27 -17 8
27 -16 6
27 -15 11
27 -14 19
27 -12 14
27 -11 11
27 -10 1
27 -9 2
27 -8 4
27 -7 2
27 -6 7
27 -4 2
27 -3 2
27 -2 5
27 -1 24
28 -24 1
28 -22 3
28 -20 5
28 -19 4
28 -18 6
28 -15 9
28 -14 7
28 -12 9
28 -11 6
28 -10 15
28 -9 8
28 -8 3
28 -7 1
28 -5 1
28 -4 3
28 -3 2
28 1 2
29 -23 1
29 -19 3
29 -18 2
29 -17 2
29 -14 6
29 -13 8
29 -11 4
29 -10 6
29 -9 1
29 -8 3
29 -7 4
29 -6 1
29 -4 2
29 -3 1
29 -1 25
30 -22 3
30 -20 4
30 -19 3
30 -17 1
30 -16 13
30 -15 10
30 -14 6
30 -13 5
30 -12 13
30 -11 1
30 -10 4
30 -7 2
30 -6 1
30 -5 2
30 -4 2
30 -2 2
30 -1 12
30 1 3
31 -21 1
31 -20 4
31 -17 4
31 -15 4
31 -14 5
31 -13 13
31 -11 1
31 -10 2
31 -9 9
31 -8 8
31 -6 3
31 -5 1
31 -4 1
31 -2 5
31 -1 18
31 1 1
32 -20 6
32 -19 3
32 -18 8
32 -17 3
32 -16 9
32 -15 8
32 -13 7
32 -12 25
32 -11 16
32 -10 5
32 -9 8
32 -7 3
32 -6 2
32 -4 1
32 -3 8
32 -2 8
32 -1 36
32 1 1
33 -19 1
33 -18 3
33 -17 4
33 -16 1
33 -14 9
33 -13 3
33 -12 3
33 -11 4
33 -10 4
33 -9 2
33 -8 2
33 -7 1
33 -6 1
33 -5 3
33 -3 3
33 -2 3
33 -1 11
33 1 5
34 -18 2
34 -17 1
34 -15 1
34 -14 9
34 -13 1
34 -12 6
34 -11 6
34 -10 8
34 -7 2
34 -6 4
34 -5 2
34 -3 4
34 -2 1
34 -1 27
35 -17 5
35 -15 18
35 -14 9
35 -13 10
35 -12 3
35 -11 7
35 -8 10
35 -7 1
35 -5 2
35 -4 1
35 -3 4
35 -2 13
35 -1 25
35 1 2
36 -16 16
36 -15 9
36 -12 8
36 -10 12
36 -9 14
36 -8 5
36 -5 1
36 -4 3
36 -3 3
36 -1 6
36 1 2
37 -15 6
37 -14 7
37 -13 12
37 -12 3
37 -11 11
37 -10 7
37 -8 9
37 -7 8
37 -6 9
37 -4 3
37 -2 2
37 -1 47
37 1 1
38 -14 2
38 -13 6
38 -10 6
38 -9 1
38 -8 5
38 -7 4
38 -6 1
38 -4 1
38 -3 6
38 -2 4
38 -1 11
38 1 7
39 -13 3
39 -12 16
39 -11 10
39 -10 3
39 -8 5
39 -7 5
39 -6 3
39 -5 2
39 -4 2
39 -3 1
39 -2 5
39 -1 34
40 -12 16
40 -11 11
40 -10 10
40 -9 25
40 -8 12
40 -7 6
40 -5 4
40 -4 14
40 -3 4
40 -2 4
40 -1 22
41 -11 5
41 -9 7
41 -8 5
41 -7 5
41 -6 13
41 -5 4
41 -2 3
41 -1 13
41 1 1
42 -10 21
42 -9 11
42 -6 3
42 -4 1
42 -3 11
42 1 3
43 -9 26
43 -8 46
43 -5 7
43 -3 6
43 -2 9
43 -1 58
44 -8 19
44 -6 14
44 -5 4
44 -4 8
44 -3 5
44 -2 13
44 1 1
45 -7 35
45 -5 4
45 -4 2
45 -3 3
45 -2 4
45 -1 106
46 -6 12
46 -5 4
46 -4 2
46 -3 2
46 -2 3
46 -1 8
46 1 5
47 -5 4
47 -4 1
47 -1 16
47 1 1
48 -4 3
48 -3 5
48 -2 5
48 -1 64
49 -3 5
49 -2 5
49 4 1
50 -2 2
50 -1 62
51 -1 44
52 1 6
