ROI: kras
Phase: 4
Total nodes checked: 20589
Total variants found: 5406
0 C 1
0 N 12
1 A 2
1 N 16
2 A 1
2 T 1
2 N 17
3 G 2
3 N 15
4 C 1
4 N 15
5 A 6
5 T 4
5 N 46
6 G 1
6 N 12
7 N 8
8 T 2
8 N 16
9 G 4
9 N 106
10 A 2
10 T 2
10 N 11
11 C 1
11 T 1
11 N 12
12 A 13
12 G 2
12 T 1
12 N 9
13 A 1
13 C 1
13 T 2
13 N 14
14 A 1
14 G 1
14 N 73
15 G 3
15 T 1
15 N 14
16 A 1
16 T 1
16 N 31
17 C 1
17 N 20
18 A 12
18 G 1
18 T 2
18 N 23
19 C 1
19 N 58
20 G 2
20 N 52
21 A 2
21 N 8
22 G 3
22 N 29
23 A 1
23 T 1
23 N 6
24 G 2
24 N 785
25 C 1
25 T 1
25 N 11
26 A 2
26 G 1
26 N 34
27 A 2
27 T 2
27 N 34
28 C 3
28 G 1
28 N 21
29 G 3
29 N 15
30 A 2
30 T 4
30 N 77
31 C 2
31 G 3
31 N 26
32 A 8
32 G 2
32 T 3
32 N 20
33 A 3
33 C 2
33 T 2
33 N 35
34 G 4
34 T 2
34 N 20
35 A 5
35 N 51
36 C 2
36 T 3
36 N 14
37 A 14
37 T 2
37 N 18
38 C 4
38 G 3
38 N 33
39 A 3
39 C 2
39 T 1
39 N 21
40 A 4
40 G 3
40 T 5
40 N 28
41 A 2
41 C 5
41 G 1
41 N 27
42 C 1
42 G 2
42 T 3
42 N 58
43 T 2
43 N 56
44 A 3
44 C 1
44 N 17
45 C 2
45 N 16
46 A 6
46 T 4
46 N 84
47 C 4
47 G 2
47 N 27
48 A 6
48 N 16
49 G 2
49 N 11
50 T 1
50 N 14
51 A 2
51 C 1
51 N 31
0 -10 1
0 -7 1
0 -4 4
0 -3 1
0 -2 7
0 -1 28
1 -19 1
1 -5 1
1 1 3
2 -4 2
2 -3 3
2 -2 7
2 -1 38
3 -6 1
3 -5 2
3 -4 2
3 -3 2
3 -2 3
3 -1 12
3 1 4
4 -5 3
4 -4 3
4 -3 3
4 -2 17
4 -1 52
5 -10 1
5 -9 1
5 -6 1
5 -4 3
5 -3 6
5 -2 8
5 -1 20
6 -12 1
6 -7 1
6 -2 2
6 -1 14
6 1 4
7 -5 1
7 -2 1
7 1 3
8 -15 1
8 -8 2
8 -7 1
8 -4 2
8 -2 5
8 -1 32
9 -9 1
9 -6 2
9 -4 3
9 -3 4
9 -2 6
9 -1 17
9 1 5
10 -7 1
10 -5 3
10 -2 1
10 1 2
11 -4 2
11 -3 4
11 -2 6
11 -1 28
12 -11 1
12 -4 1
12 -3 6
12 -2 11
12 -1 19
12 1 4
13 -3 1
13 -2 4
13 -1 8
13 1 5
14 -12 1
14 -8 1
14 -6 1
14 -4 3
14 -3 4
14 -2 9
14 -1 18
14 1 1
15 -7 1
15 -3 1
15 -1 8
15 1 3
16 -15 1
16 -3 2
16 -2 1
16 1 1
17 -7 1
17 -5 6
17 -4 2
17 -3 8
17 -2 18
17 -1 96
18 -10 1
18 -6 1
18 -5 2
18 -4 5
18 -3 1
18 -2 10
18 -1 30
18 1 4
19 -8 1
19 1 5
20 -9 1
20 -5 3
20 -3 4
20 -2 12
20 -1 64
21 -10 1
21 -6 2
21 -4 2
21 -2 24
21 -1 98
21 1 1
22 -7 1
22 -6 1
22 -4 3
22 -3 2
22 -2 13
22 -1 13
22 1 1
23 -9 1
23 -5 1
23 -4 2
23 -3 5
23 -2 19
23 -1 57
24 -9 1
24 -8 1
24 -7 2
24 -6 1
24 -4 1
24 -3 1
24 -2 9
24 -1 29
24 1 2
25 -12 1
25 -11 1
25 -7 1
25 -4 1
25 -3 1
25 -2 4
25 -1 17
25 1 2
26 -10 1
26 -7 1
26 -5 4
26 -4 4
26 -2 2
27 -3 3
27 -2 9
27 -1 48
28 -2 3
28 1 6
29 -18 1
29 -4 1
29 -3 1
29 -2 4
29 -1 24
30 -3 1
30 -2 1
30 -1 22
30 1 8
31 -12 1
31 -9 1
31 -4 2
31 -3 1
31 -2 10
31 -1 28
31 1 2
32 -9 2
32 -8 1
32 -7 1
32 -6 5
32 -5 1
32 -4 2
32 -3 10
32 -2 23
32 -1 94
33 -5 2
33 -4 2
33 -3 1
33 -2 2
33 -1 13
33 1 4
34 -6 1
34 -5 1
34 -4 2
34 -3 1
34 -2 3
34 -1 24
34 1 1
35 -15 1
35 -13 1
35 -4 3
35 -3 5
35 -2 22
35 -1 81
35 1 1
36 -16 1
36 -10 1
36 -9 1
36 -5 1
36 -2 3
36 -1 16
36 1 3
37 -9 1
37 -6 1
37 -4 1
37 -3 6
37 -2 27
37 -1 143
38 -2 3
38 -1 15
38 1 2
39 -5 2
39 -4 1
39 -3 2
39 -2 16
39 -1 118
39 1 4
40 -5 1
40 -4 1
40 -3 3
40 -2 6
40 -1 42
40 1 3
41 -5 1
41 -2 1
41 -1 13
41 1 5
42 -4 2
42 -3 1
42 1 3
43 -5 2
43 -3 4
43 -2 17
43 -1 142
44 -5 1
44 -4 1
44 -3 3
44 -2 2
44 1 4
45 -7 1
45 -4 1
45 -3 2
45 -2 16
45 -1 162
46 -3 1
46 -2 2
46 -1 9
46 1 6
47 -4 1
47 -1 24
47 1 3
48 -3 3
48 -2 14
48 -1 158
48 1 2
49 -3 3
49 -2 8
49 1 1
50 -2 6
50 -1 140
51 -1 133
51 1 4
52 1 8
