ROI: kras
Phase: 2
Total nodes checked: 35330
Total variants found: 1918
0 N 7
1 N 58
2 N 9
3 N 15
4 N 15
5 N 27
6 N 10
7 N 10
8 N 7
9 N 42
10 N 16
11 N 8
12 T 1
12 N 34
13 N 10
14 N 18
15 N 9
16 N 43
17 C 1
17 N 11
18 A 2
18 N 50
19 N 34
20 G 1
20 N 34
21 A 1
21 T 1
21 N 18
22 G 1
22 N 37
23 A 1
23 T 1
23 N 16
24 N 110
25 N 16
26 A 2
26 N 45
27 N 43
28 N 21
29 N 23
30 N 36
31 N 35
32 N 48
33 N 19
34 N 45
35 N 48
36 N 19
37 N 52
38 N 35
39 N 39
40 N 38
41 N 19
42 N 36
43 N 13
44 N 65
45 N 78
46 N 31
47 N 139
48 N 32
49 N 19
50 N 16
51 N 31
0 -1 2
2 -4 2
2 -3 2
2 -2 2
2 -1 2
3 -3 2
3 -1 1
4 -2 1
4 -1 3
5 -5 1
5 -1 1
5 3 1
6 -4 1
6 -2 1
6 -1 1
8 -2 1
8 -1 1
9 -11 1
9 -2 2
10 1 1
11 -5 1
11 -1 3
12 -4 1
12 -2 1
12 -1 1
13 -1 2
14 -1 2
16 -4 1
16 -3 1
17 -3 1
17 -2 5
17 -1 3
18 -6 1
19 1 2
20 -5 1
20 -2 1
20 -1 10
21 -5 1
21 -2 2
21 -1 9
21 1 1
22 -3 1
22 -2 1
22 -1 3
23 -1 6
24 -2 1
24 -1 2
25 -1 1
26 -4 1
27 -14 1
27 -3 1
27 -1 5
29 -1 1
30 -5 1
31 -6 1
31 -2 1
31 -1 4
32 -3 2
32 -2 4
32 -1 7
33 -1 1
33 1 2
34 -1 4
35 -2 1
35 -1 8
36 -1 2
37 -4 1
37 -1 8
39 -2 2
39 -1 2
40 -1 3
41 -1 4
43 -1 8
44 -3 1
44 -2 1
45 -2 1
45 -1 11
46 -2 1
46 -1 1
46 1 2
48 -1 8
49 -2 1
50 -1 9
51 -1 11
52 1 1
