ROI: kras
Phase: 3
Total nodes checked: 136578
Total variants found: 36723
0 C 2
0 G 1
0 N 135
1 A 1
1 T 9
1 N 224
2 A 3
2 T 8
2 N 196
3 G 9
3 N 175
4 A 5
4 C 5
4 N 280
5 A 27
5 G 9
5 T 18
5 N 115
6 C 7
6 G 6
6 N 163
7 A 3
7 T 12
7 N 120
8 A 2
8 T 10
8 N 102
9 C 1
9 G 16
9 N 1697
10 A 2
10 T 16
10 N 178
11 A 1
11 C 9
11 T 9
11 N 212
12 A 47
12 G 24
12 T 15
12 N 217
13 A 2
13 C 13
13 T 14
13 N 162
14 A 11
14 C 4
14 G 14
14 N 520
15 C 1
15 G 15
15 T 17
15 N 356
16 A 19
16 T 6
16 N 328
17 A 2
17 C 12
17 T 2
17 N 457
18 A 45
18 G 15
18 T 8
18 N 551
19 C 16
19 G 5
19 T 2
19 N 617
20 G 23
20 N 823
21 A 28
21 T 5
21 N 79
22 C 1
22 G 38
22 T 1
22 N 282
23 A 20
23 T 22
23 N 121
24 C 1
24 G 32
24 N 3191
25 C 16
25 T 20
25 N 113
26 A 23
26 G 23
26 T 10
26 N 634
27 A 6
27 G 1
27 T 24
27 N 366
28 A 1
28 C 23
28 G 2
28 N 283
29 A 1
29 C 2
29 G 12
29 N 248
30 A 13
30 C 1
30 T 29
30 N 568
31 C 12
31 G 32
31 T 1
31 N 687
32 A 42
32 G 14
32 T 9
32 N 245
33 A 15
33 C 25
33 T 4
33 N 291
34 C 1
34 G 31
34 T 11
34 N 701
35 A 38
35 C 2
35 G 2
35 N 350
36 C 15
36 G 6
36 T 23
36 N 210
37 A 67
37 G 2
37 T 5
37 N 191
38 C 23
38 G 16
38 N 291
39 A 24
39 C 14
39 T 5
39 N 223
40 A 24
40 G 20
40 T 20
40 N 262
41 A 11
41 C 18
41 N 193
42 C 1
42 G 2
42 T 19
42 N 496
43 G 5
43 T 9
43 N 338
44 A 18
44 C 2
44 N 1672
45 C 9
45 G 2
45 N 226
46 A 23
46 T 24
46 N 452
47 C 14
47 G 10
47 N 465
48 A 17
48 T 5
48 N 131
49 C 1
49 G 11
49 N 198
50 C 1
50 G 6
50 T 5
50 N 232
51 A 2
51 C 6
51 N 324
0 -16 1
0 -13 1
0 -11 2
0 -10 2
0 -8 1
0 -7 7
0 -6 2
0 -5 3
0 -4 6
0 -3 10
0 -2 32
0 -1 196
1 -5 1
1 -4 3
1 -3 1
1 -2 5
1 1 51
1 2 1
2 -17 2
2 -12 1
2 -10 2
2 -8 1
2 -7 5
2 -6 2
2 -5 2
2 -4 8
2 -3 23
2 -2 37
2 -1 213
2 1 1
3 -16 1
3 -10 2
3 -9 4
3 -8 5
3 -7 1
3 -6 10
3 -5 12
3 -4 9
3 -3 14
3 -2 48
3 -1 116
3 1 21
4 -10 2
4 -7 1
4 -6 1
4 -5 5
4 -4 3
4 -3 9
4 -2 52
4 -1 246
4 1 10
5 -19 1
5 -12 2
5 -11 1
5 -8 1
5 -7 1
5 -6 4
5 -5 7
5 -4 22
5 -3 22
5 -2 38
5 -1 125
5 1 16
6 -13 1
6 -10 2
6 -7 5
6 -6 2
6 -5 1
6 -4 2
6 -3 4
6 -2 21
6 -1 55
6 1 31
6 2 2
7 -13 2
7 -7 2
7 -5 1
7 -2 9
7 1 19
8 -21 1
8 -12 2
8 -11 2
8 -7 4
8 -6 5
8 -5 1
8 -4 3
8 -3 2
8 -2 34
8 -1 200
8 2 1
9 -18 1
9 -14 1
9 -10 2
9 -9 1
9 -8 3
9 -7 6
9 -6 3
9 -5 2
9 -4 8
9 -3 31
9 -2 53
9 -1 76
9 1 23
10 -10 1
10 -6 3
10 -5 6
10 -4 2
10 -2 3
10 -1 2
10 1 20
11 -17 1
11 -11 1
11 -9 1
11 -7 5
11 -5 3
11 -4 9
11 -3 19
11 -2 22
11 -1 199
12 -11 2
12 -10 1
12 -9 1
12 -8 2
12 -7 4
12 -6 1
12 -5 4
12 -4 10
12 -3 18
12 -2 51
12 -1 112
12 1 27
13 -11 1
13 -6 11
13 -5 3
13 -3 1
13 -2 18
13 -1 92
13 1 23
13 2 1
14 -18 1
14 -13 1
14 -8 3
14 -7 5
14 -6 6
14 -5 9
14 -4 15
14 -3 13
14 -2 29
14 -1 98
14 1 13
14 2 1
15 -14 1
15 -12 1
15 -9 2
15 -6 2
15 -4 1
15 -3 3
15 -2 9
15 -1 62
15 1 35
15 2 1
16 -11 1
16 -10 1
16 -8 1
16 -6 3
16 -4 7
16 -3 10
16 -2 12
16 -1 1
16 1 8
17 -7 7
17 -6 2
17 -5 11
17 -4 5
17 -3 28
17 -2 91
17 -1 470
18 -13 2
18 -11 1
18 -10 1
18 -6 3
18 -5 6
18 -4 20
18 -3 16
18 -2 35
18 -1 105
18 1 20
19 -33 1
19 -15 1
19 -8 5
19 -6 4
19 -5 3
19 -4 2
19 -2 5
19 -1 1
19 1 24
20 -9 3
20 -8 3
20 -7 3
20 -6 2
20 -5 8
20 -4 8
20 -3 20
20 -2 46
20 -1 349
21 -17 1
21 -15 1
21 -14 1
21 -13 1
21 -11 1
21 -10 2
21 -7 3
21 -6 2
21 -5 5
21 -4 2
21 -3 14
21 -2 54
21 -1 379
21 1 23
22 -7 1
22 -6 4
22 -5 1
22 -4 13
22 -3 19
22 -2 56
22 -1 124
22 1 8
23 -14 1
23 -12 2
23 -9 5
23 -8 2
23 -6 5
23 -5 7
23 -4 8
23 -3 20
23 -2 48
23 -1 278
23 1 9
24 -13 1
24 -10 1
24 -9 1
24 -8 1
24 -7 4
24 -6 4
24 -4 5
24 -3 9
24 -2 49
24 -1 131
24 1 11
25 -11 1
25 -6 1
25 -4 7
25 -3 6
25 -2 12
25 -1 72
25 1 19
26 -8 1
26 -7 3
26 -6 1
26 -5 14
26 -4 5
26 -3 14
26 -2 16
26 -1 6
26 1 13
27 -14 1
27 -11 2
27 -9 1
27 -8 1
27 -7 2
27 -6 6
27 -5 1
27 -4 5
27 -3 6
27 -2 24
27 -1 165
27 1 1
28 -15 1
28 -9 1
28 -6 1
28 -5 5
28 -4 2
28 -3 3
28 -2 2
28 -1 1
28 1 53
28 2 1
29 -13 1
29 -8 2
29 -7 1
29 -5 2
29 -4 3
29 -3 5
29 -2 22
29 -1 137
30 -11 1
30 -10 1
30 -6 1
30 -3 1
30 -2 16
30 -1 90
30 1 36
31 -13 3
31 -11 2
31 -10 1
31 -9 1
31 -6 4
31 -5 2
31 -4 6
31 -3 3
31 -2 28
31 -1 124
31 1 11
31 2 1
32 -18 1
32 -12 1
32 -11 1
32 -8 1
32 -7 2
32 -6 4
32 -5 4
32 -4 10
32 -3 30
32 -2 55
32 -1 311
32 1 4
33 -19 1
33 -17 1
33 -14 1
33 -11 1
33 -8 1
33 -6 1
33 -5 10
33 -4 3
33 -3 7
33 -2 18
33 -1 87
33 1 34
34 -11 1
34 -6 3
34 -5 4
34 -3 11
34 -2 16
34 -1 100
34 1 11
34 2 1
35 -11 1
35 -8 2
35 -7 1
35 -5 2
35 -4 12
35 -3 17
35 -2 69
35 -1 320
35 1 12
35 3 1
36 -12 2
36 -9 1
36 -8 1
36 -5 1
36 -4 1
36 -3 8
36 -2 3
36 -1 75
36 1 18
37 -12 1
37 -8 1
37 -7 1
37 -6 8
37 -5 1
37 -4 11
37 -3 12
37 -2 68
37 -1 416
37 1 8
38 -8 1
38 -3 7
38 -2 13
38 -1 37
38 1 15
39 -11 1
39 -8 1
39 -6 3
39 -5 2
39 -4 6
39 -3 18
39 -2 60
39 -1 406
39 1 11
39 2 1
40 -10 1
40 -9 2
40 -8 3
40 -5 3
40 -4 9
40 -3 20
40 -2 37
40 -1 177
40 1 11
41 -7 1
41 -6 3
41 -2 9
41 -1 72
41 1 17
42 -10 1
42 -9 2
42 -6 2
42 -4 2
42 -3 6
42 -2 5
42 1 22
43 -8 2
43 -6 1
43 -5 2
43 -4 2
43 -3 7
43 -2 63
43 -1 592
44 -8 3
44 -6 6
44 -5 8
44 -4 15
44 -3 13
44 -2 17
44 1 13
45 -7 5
45 -5 1
45 -4 3
45 -3 10
45 -2 50
45 -1 717
46 -6 2
46 -5 1
46 -3 4
46 -2 9
46 -1 85
46 1 29
47 -5 1
47 -4 1
47 -2 3
47 -1 72
47 1 12
48 -4 2
48 -3 13
48 -2 60
48 -1 610
48 1 6
49 -3 11
49 -2 25
49 1 11
50 -2 28
50 -1 711
51 -1 648
51 1 16
52 1 40
52 6 1
