ROI: kras
Phase: 2
Total nodes checked: 67249
Total variants found: 3781
0 N 18
1 N 132
2 N 16
3 N 30
4 N 28
5 N 90
6 N 20
7 N 19
8 N 17
9 N 83
10 N 31
11 N 17
12 T 2
12 N 79
13 N 28
14 N 48
15 N 27
16 N 83
17 C 1
17 N 24
18 A 2
18 N 106
19 N 67
20 G 1
20 N 53
21 A 1
21 T 1
21 N 36
22 G 1
22 N 66
23 A 1
23 T 1
23 N 35
24 N 221
25 N 38
26 A 2
26 N 95
27 N 85
28 N 41
29 N 38
30 N 86
31 N 73
32 N 100
33 N 47
34 N 96
35 N 100
36 N 47
37 N 109
38 N 74
39 N 68
40 N 75
41 N 37
42 N 62
43 N 35
44 N 128
45 N 147
46 N 72
47 N 281
48 N 59
49 N 38
50 N 28
51 N 66
0 -17 1
0 -10 1
0 -1 4
1 -14 1
1 -2 1
2 -4 2
2 -3 2
2 -2 2
2 -1 2
3 -3 2
3 -1 1
4 -2 1
4 -1 4
5 -19 1
5 -5 1
5 -1 1
5 3 1
6 -21 1
6 -4 1
6 -2 1
6 -1 1
8 -14 1
8 -2 1
8 -1 1
9 -11 1
9 -8 1
9 -2 3
10 -17 1
10 1 1
11 -5 1
11 -1 3
12 -10 1
12 -4 1
12 -2 1
12 -1 1
13 -7 1
13 -1 2
14 -12 1
14 -1 3
16 -4 1
16 -3 1
17 -3 2
17 -2 5
17 -1 6
18 -6 1
19 -13 1
19 1 2
20 -5 1
20 -2 1
20 -1 12
21 -5 1
21 -2 2
21 -1 11
21 1 1
22 -3 1
22 -2 1
22 -1 3
23 -14 1
23 -2 1
23 -1 8
24 -2 1
24 -1 2
25 -1 1
26 -4 1
27 -18 2
27 -14 1
27 -3 1
27 -1 5
29 -1 1
30 -12 1
30 -5 1
31 -6 1
31 -2 1
31 -1 6
32 -3 2
32 -2 4
32 -1 8
33 -1 1
33 1 3
34 -1 4
35 -2 1
35 -1 8
36 -1 3
37 -7 1
37 -4 1
37 -2 1
37 -1 10
39 -2 2
39 -1 2
40 -4 1
40 -1 4
41 -9 1
41 -1 4
43 -1 11
44 -3 1
44 -2 1
45 -2 1
45 -1 12
46 -2 1
46 -1 1
46 1 2
48 -1 9
49 -2 1
50 -1 11
51 -1 11
52 1 1
