ROI: kras
Phase: 3
Total nodes checked: 301753
Total variants found: 91315
0 A 7
0 C 16
0 G 57
0 N 403
1 A 21
1 C 8
1 T 75
1 N 658
2 A 18
2 C 6
2 T 20
2 N 257
3 C 26
3 G 84
3 T 19
3 N 578
4 A 32
4 C 14
4 T 62
4 N 689
5 A 105
5 G 38
5 T 68
5 N 268
6 A 4
6 C 30
6 G 67
6 N 391
7 A 20
7 C 4
7 T 34
7 N 210
8 A 14
8 C 5
8 T 28
8 N 230
9 A 66
9 C 22
9 G 455
9 N 3442
10 A 66
10 C 8
10 T 302
10 N 3797
11 A 21
11 C 17
11 T 229
11 N 2684
12 A 164
12 G 96
12 T 54
12 N 756
13 A 46
13 C 32
13 T 82
13 N 635
14 A 20
14 C 11
14 G 39
14 N 365
15 C 2
15 G 31
15 T 39
15 N 182
16 A 62
16 C 14
16 T 29
16 N 476
17 A 16
17 C 27
17 T 23
17 N 404
18 A 146
18 G 54
18 T 37
18 N 554
19 C 43
19 G 21
19 T 8
19 N 487
20 C 3
20 G 54
20 T 7
20 N 605
21 A 64
21 C 2
21 T 19
21 N 123
22 C 10
22 G 109
22 T 15
22 N 442
23 A 64
23 C 4
23 T 61
23 N 210
24 A 11
24 C 36
24 G 106
24 N 2015
25 A 21
25 C 32
25 T 55
25 N 165
26 A 87
26 G 63
26 T 55
26 N 578
27 A 40
27 G 7
27 T 72
27 N 313
28 A 10
28 C 58
28 G 8
28 N 341
29 A 52
29 C 35
29 G 796
29 N 10701
30 A 55
30 C 18
30 T 79
30 N 947
31 C 23
31 G 76
31 T 11
31 N 475
32 A 113
32 G 27
32 T 37
32 N 318
33 A 42
33 C 53
33 T 25
33 N 307
34 C 5
34 G 66
34 T 37
34 N 460
35 A 74
35 C 9
35 G 4
35 N 300
36 C 96
36 G 64
36 T 99
36 N 1324
37 A 135
37 G 7
37 T 34
37 N 196
38 C 55
38 G 53
38 T 6
38 N 363
39 A 57
39 C 29
39 T 34
39 N 256
40 A 73
40 G 44
40 T 63
40 N 309
41 A 24
41 C 50
41 G 2
41 N 246
42 C 7
42 G 22
42 T 43
42 N 472
43 C 4
43 G 23
43 T 28
43 N 337
44 A 37
44 C 37
44 G 18
44 N 1184
45 A 6
45 C 25
45 G 4
45 N 236
46 A 81
46 G 7
46 T 50
46 N 401
47 C 41
47 G 41
47 T 19
47 N 561
48 A 50
48 C 47
48 T 20
48 N 598
49 C 43
49 G 31
49 T 24
49 N 810
50 C 16
50 G 23
50 T 34
50 N 418
51 A 14
51 C 31
51 G 2
51 N 443
0 -52 5
0 -48 3
0 -47 2
0 -46 7
0 -43 2
0 -42 2
0 -40 1
0 -39 6
0 -38 5
0 -36 2
0 -34 3
0 -32 4
0 -31 4
0 -30 8
0 -29 2
0 -27 7
0 -26 8
0 -25 16
0 -24 3
0 -23 6
0 -22 11
0 -21 17
0 -20 23
0 -19 18
0 -18 20
0 -17 20
0 -16 24
0 -15 72
0 -14 6
0 -13 33
0 -12 36
0 -11 56
0 -10 75
0 -9 4
0 -8 28
0 -7 36
0 -6 3
0 -5 19
0 -4 24
0 -3 30
0 -2 67
0 -1 485
0 2 1
1 -51 3
1 -49 3
1 -46 2
1 -45 4
1 -44 4
1 -43 1
1 -41 4
1 -40 5
1 -39 2
1 -37 1
1 -36 1
1 -35 1
1 -34 4
1 -31 1
1 -30 2
1 -28 6
1 -27 1
1 -26 6
1 -25 6
1 -23 11
1 -21 6
1 -20 1
1 -19 9
1 -18 10
1 -17 16
1 -16 1
1 -15 3
1 -14 50
1 -13 24
1 -12 3
1 -11 29
1 -10 2
1 -8 16
1 -7 2
1 -5 11
1 -4 10
1 -3 2
1 -2 16
1 -1 7
1 1 99
1 2 1
2 -50 2
2 -49 2
2 -48 1
2 -47 6
2 -45 1
2 -44 3
2 -43 1
2 -42 1
2 -41 3
2 -40 2
2 -39 1
2 -38 4
2 -36 1
2 -35 3
2 -34 1
2 -33 4
2 -32 6
2 -31 1
2 -30 4
2 -29 12
2 -28 1
2 -27 10
2 -26 4
2 -25 11
2 -24 28
2 -23 3
2 -22 19
2 -21 2
2 -20 23
2 -18 12
2 -17 24
2 -16 33
2 -15 2
2 -14 3
2 -13 22
2 -12 26
2 -11 3
2 -10 32
2 -9 4
2 -8 4
2 -7 34
2 -6 2
2 -5 6
2 -4 34
2 -3 71
2 -2 55
2 -1 428
2 1 1
3 -49 2
3 -48 1
3 -45 1
3 -43 4
3 -42 1
3 -41 1
3 -39 1
3 -37 2
3 -36 1
3 -34 2
3 -32 2
3 -31 1
3 -30 3
3 -29 5
3 -28 1
3 -27 2
3 -26 5
3 -25 11
3 -24 5
3 -23 20
3 -22 9
3 -21 24
3 -20 13
3 -19 3
3 -18 16
3 -17 1
3 -16 6
3 -15 53
3 -14 52
3 -13 23
3 -12 2
3 -11 39
3 -10 29
3 -9 77
3 -8 28
3 -7 20
3 -6 56
3 -5 51
3 -4 27
3 -3 59
3 -2 130
3 -1 237
3 1 41
3 4 1
4 -48 3
4 -47 2
4 -46 9
4 -45 2
4 -43 3
4 -42 3
4 -40 2
4 -39 4
4 -38 3
4 -35 1
4 -34 1
4 -33 4
4 -32 1
4 -31 11
4 -30 4
4 -28 7
4 -27 5
4 -25 5
4 -24 8
4 -23 7
4 -22 8
4 -20 5
4 -19 3
4 -18 11
4 -17 2
4 -16 47
4 -15 17
4 -14 27
4 -13 1
4 -12 4
4 -11 19
4 -10 22
4 -9 4
4 -8 13
4 -7 2
4 -6 6
4 -5 16
4 -4 5
4 -3 12
4 -2 111
4 -1 419
4 1 20
5 -46 2
5 -44 4
5 -43 4
5 -42 4
5 -40 4
5 -39 4
5 -38 1
5 -37 1
5 -34 1
5 -31 2
5 -30 2
5 -29 5
5 -28 4
5 -27 1
5 -26 9
5 -25 7
5 -24 6
5 -23 9
5 -22 2
5 -21 2
5 -20 14
5 -19 57
5 -18 14
5 -17 70
5 -16 26
5 -15 34
5 -14 34
5 -13 7
5 -12 72
5 -11 32
5 -10 22
5 -9 45
5 -8 20
5 -7 8
5 -6 33
5 -5 30
5 -4 59
5 -3 79
5 -2 90
5 -1 287
5 1 30
5 2 1
5 3 1
6 -46 2
6 -42 2
6 -40 6
6 -36 1
6 -33 2
6 -32 3
6 -31 3
6 -30 2
6 -28 2
6 -27 10
6 -26 5
6 -25 11
6 -24 6
6 -22 2
6 -21 33
6 -20 13
6 -19 14
6 -17 26
6 -16 25
6 -15 41
6 -14 13
6 -13 54
6 -12 29
6 -11 23
6 -10 35
6 -9 13
6 -8 4
6 -7 41
6 -6 11
6 -5 13
6 -4 11
6 -3 7
6 -2 48
6 -1 148
6 1 55
6 2 4
7 -45 4
7 -44 3
7 -43 1
7 -42 4
7 -40 1
7 -39 6
7 -38 3
7 -37 4
7 -35 1
7 -34 1
7 -33 3
7 -31 1
7 -30 4
7 -29 3
7 -28 5
7 -27 1
7 -25 4
7 -24 8
7 -22 22
7 -21 7
7 -20 7
7 -19 7
7 -18 2
7 -17 14
7 -16 2
7 -15 24
7 -13 20
7 -12 13
7 -11 17
7 -10 1
7 -8 17
7 -7 10
7 -5 5
7 -3 5
7 -2 17
7 -1 6
7 1 44
8 -44 4
8 -43 2
8 -42 1
8 -41 4
8 -39 3
8 -38 4
8 -37 1
8 -34 1
8 -32 1
8 -30 3
8 -29 3
8 -28 3
8 -27 1
8 -26 8
8 -25 1
8 -24 6
8 -23 15
8 -22 1
8 -21 7
8 -20 7
8 -19 14
8 -18 50
8 -17 2
8 -16 41
8 -15 4
8 -14 39
8 -13 3
8 -12 28
8 -11 34
8 -10 38
8 -9 3
8 -8 4
8 -7 17
8 -6 15
8 -5 2
8 -4 22
8 -3 6
8 -2 49
8 -1 399
8 2 1
8 3 1
9 -43 5
9 -41 1
9 -40 3
9 -39 1
9 -38 1
9 -37 5
9 -34 2
9 -31 9
9 -30 6
9 -29 3
9 -28 4
9 -27 2
9 -26 1
9 -25 9
9 -23 7
9 -22 24
9 -21 10
9 -20 1
9 -19 1
9 -18 19
9 -17 40
9 -16 29
9 -15 6
9 -14 36
9 -13 62
9 -12 37
9 -11 37
9 -10 26
9 -9 56
9 -8 44
9 -7 22
9 -6 23
9 -5 4
9 -4 19
9 -3 85
9 -2 181
9 -1 272
9 1 65
10 -42 6
10 -41 1
10 -40 3
10 -36 2
10 -35 1
10 -34 2
10 -33 1
10 -32 1
10 -30 3
10 -28 3
10 -27 5
10 -26 13
10 -25 7
10 -24 7
10 -22 5
10 -21 11
10 -19 25
10 -18 12
10 -17 19
10 -16 14
10 -15 2
10 -14 23
10 -13 3
10 -12 20
10 -11 2
10 -10 16
10 -9 9
10 -8 7
10 -7 1
10 -6 4
10 -5 38
10 -4 9
10 -3 1
10 -2 15
10 -1 19
10 1 39
11 -41 3
11 -40 2
11 -39 2
11 -38 7
11 -35 1
11 -34 1
11 -33 2
11 -32 3
11 -31 2
11 -30 2
11 -29 5
11 -27 4
11 -26 9
11 -25 5
11 -24 7
11 -23 9
11 -21 8
11 -20 30
11 -18 16
11 -17 26
11 -16 18
11 -15 98
11 -14 7
11 -13 56
11 -12 8
11 -11 53
11 -10 1
11 -9 29
11 -8 12
11 -7 34
11 -6 2
11 -5 7
11 -4 24
11 -3 60
11 -2 34
11 -1 383
11 1 1
11 6 1
12 -40 2
12 -39 1
12 -38 1
12 -37 2
12 -36 3
12 -35 1
12 -33 4
12 -32 2
12 -30 5
12 -29 1
12 -27 6
12 -26 5
12 -24 5
12 -23 8
12 -22 12
12 -21 7
12 -20 2
12 -19 27
12 -18 17
12 -17 30
12 -16 23
12 -15 3
12 -14 5
12 -13 51
12 -12 59
12 -11 41
12 -10 49
12 -9 27
12 -8 23
12 -7 19
12 -6 4
12 -5 44
12 -4 37
12 -3 39
12 -2 114
12 -1 253
12 1 42
12 9 1
13 -39 3
13 -38 1
13 -36 1
13 -33 4
13 -32 1
13 -31 2
13 -30 1
13 -29 3
13 -28 9
13 -27 6
13 -26 1
13 -25 8
13 -24 7
13 -23 6
13 -22 1
13 -21 3
13 -19 14
13 -18 17
13 -17 1
13 -16 17
13 -15 45
13 -14 68
13 -13 19
13 -12 1
13 -11 14
13 -10 1
13 -9 11
13 -8 3
13 -7 13
13 -6 65
13 -5 10
13 -4 1
13 -3 4
13 -2 37
13 -1 174
13 1 57
13 2 1
14 -38 3
14 -36 1
14 -35 3
14 -34 2
14 -32 2
14 -29 1
14 -28 2
14 -26 8
14 -25 3
14 -24 7
14 -23 10
14 -22 8
14 -21 3
14 -20 39
14 -19 11
14 -18 21
14 -17 45
14 -16 24
14 -15 1
14 -14 2
14 -13 31
14 -12 59
14 -11 18
14 -10 4
14 -9 24
14 -8 42
14 -7 32
14 -6 30
14 -5 33
14 -4 43
14 -3 49
14 -2 62
14 -1 222
14 1 30
14 2 1
15 -37 1
15 -36 2
15 -33 2
15 -31 1
15 -30 4
15 -29 2
15 -26 4
15 -25 5
15 -24 7
15 -22 4
15 -20 14
15 -18 16
15 -17 17
15 -16 2
15 -15 38
15 -14 44
15 -13 22
15 -12 28
15 -11 29
15 -10 60
15 -9 21
15 -8 14
15 -6 9
15 -4 2
15 -3 9
15 -2 25
15 -1 114
15 1 64
15 2 1
16 -36 2
16 -35 3
16 -34 3
16 -33 2
16 -31 4
16 -30 2
16 -29 3
16 -28 4
16 -27 8
16 -26 2
16 -25 6
16 -24 9
16 -22 5
16 -21 17
16 -20 6
16 -19 15
16 -18 16
16 -17 3
16 -16 34
16 -15 15
16 -14 2
16 -13 38
16 -12 18
16 -11 38
16 -10 25
16 -9 1
16 -8 13
16 -7 3
16 -6 15
16 -5 4
16 -4 30
16 -3 20
16 -2 27
16 -1 5
16 1 13
17 -35 1
17 -34 1
17 -33 3
17 -32 6
17 -31 1
17 -30 3
17 -29 6
17 -28 1
17 -26 1
17 -25 5
17 -24 2
17 -23 18
17 -21 2
17 -20 4
17 -19 11
17 -18 15
17 -17 20
17 -16 3
17 -15 28
17 -14 50
17 -13 6
17 -12 26
17 -11 33
17 -10 24
17 -9 50
17 -8 7
17 -7 64
17 -6 6
17 -5 48
17 -4 9
17 -3 61
17 -2 146
17 -1 936
18 -34 8
18 -33 3
18 -32 3
18 -31 2
18 -30 3
18 -29 5
18 -27 8
18 -26 5
18 -25 13
18 -24 1
18 -23 3
18 -21 7
18 -20 9
18 -19 2
18 -18 13
18 -17 15
18 -16 33
18 -15 26
18 -14 5
18 -13 65
18 -12 30
18 -11 34
18 -10 39
18 -9 1
18 -8 5
18 -7 15
18 -6 36
18 -5 34
18 -4 61
18 -3 47
18 -2 74
18 -1 240
18 1 44
18 2 2
19 -33 4
19 -32 4
19 -29 1
19 -27 2
19 -26 5
19 -25 8
19 -23 1
19 -22 16
19 -21 7
19 -20 9
19 -18 12
19 -17 1
19 -16 16
19 -15 8
19 -14 50
19 -13 18
19 -12 2
19 -11 22
19 -10 18
19 -9 49
19 -8 66
19 -7 8
19 -6 16
19 -5 14
19 -4 10
19 -3 1
19 -2 21
19 -1 2
19 1 49
19 11 1
20 -32 3
20 -31 5
20 -28 10
20 -26 3
20 -25 8
20 -24 13
20 -21 7
20 -20 9
20 -19 25
20 -17 35
20 -16 4
20 -15 41
20 -14 6
20 -13 31
20 -12 55
20 -11 4
20 -10 26
20 -9 17
20 -8 25
20 -7 22
20 -6 23
20 -5 33
20 -4 28
20 -3 60
20 -2 74
20 -1 773
20 1 1
21 -31 3
21 -30 10
21 -29 3
21 -26 2
21 -25 8
21 -24 4
21 -23 20
21 -22 14
21 -21 6
21 -20 7
21 -19 6
21 -18 2
21 -17 12
21 -16 41
21 -15 22
21 -14 58
21 -13 26
21 -12 1
21 -11 53
21 -10 13
21 -9 2
21 -8 17
21 -7 19
21 -6 22
21 -5 19
21 -4 7
21 -3 31
21 -2 92
21 -1 746
21 1 45
22 -30 3
22 -29 2
22 -26 4
22 -24 11
22 -23 8
22 -22 11
22 -20 1
22 -19 13
22 -18 31
22 -17 16
22 -16 1
22 -15 23
22 -14 2
22 -13 31
22 -12 5
22 -11 24
22 -10 26
22 -9 2
22 -8 31
22 -7 20
22 -6 29
22 -5 19
22 -4 56
22 -3 58
22 -2 128
22 -1 263
22 1 23
23 -29 5
23 -28 3
23 -27 17
23 -26 2
23 -24 3
23 -23 7
23 -22 5
23 -21 16
23 -20 25
23 -19 3
23 -18 10
23 -17 15
23 -15 24
23 -14 69
23 -13 21
23 -12 76
23 -11 18
23 -10 5
23 -9 73
23 -8 14
23 -7 4
23 -6 25
23 -5 23
23 -4 17
23 -3 27
23 -2 65
23 -1 515
23 1 16
24 -28 3
24 -26 5
24 -25 15
24 -24 8
24 -23 8
24 -22 11
24 -20 1
24 -19 11
24 -18 13
24 -17 1
24 -16 54
24 -15 30
24 -14 23
24 -13 36
24 -12 27
24 -11 3
24 -10 64
24 -9 26
24 -8 22
24 -7 40
24 -6 25
24 -5 2
24 -4 6
24 -3 34
24 -2 92
24 -1 239
24 1 25
24 8 1
25 -27 7
25 -26 5
25 -25 4
25 -24 2
25 -22 7
25 -21 12
25 -20 19
25 -19 13
25 -18 13
25 -17 28
25 -16 14
25 -15 24
25 -14 1
25 -13 18
25 -12 17
25 -11 46
25 -10 9
25 -9 5
25 -8 2
25 -7 10
25 -6 4
25 -5 2
25 -4 29
25 -3 14
25 -2 28
25 -1 155
25 1 36
26 -26 4
26 -25 5
26 -24 7
26 -23 14
26 -22 7
26 -21 8
26 -19 12
26 -18 9
26 -17 15
26 -16 23
26 -15 20
26 -14 1
26 -13 26
26 -12 18
26 -11 2
26 -10 16
26 -9 20
26 -8 39
26 -7 20
26 -6 4
26 -5 56
26 -4 29
26 -3 37
26 -2 36
26 -1 8
26 1 25
27 -25 11
27 -24 8
27 -23 10
27 -22 11
27 -21 20
27 -20 21
27 -18 20
27 -17 17
27 -16 24
27 -15 23
27 -14 60
27 -13 4
27 -12 21
27 -11 40
27 -10 1
27 -9 15
27 -8 15
27 -7 8
27 -6 26
27 -5 5
27 -4 8
27 -3 22
27 -2 54
27 -1 325
27 1 1
28 -24 6
28 -22 7
28 -21 10
28 -20 10
28 -19 24
28 -18 8
28 -16 1
28 -15 12
28 -14 17
28 -12 22
28 -11 13
28 -10 21
28 -9 9
28 -8 9
28 -6 9
28 -5 9
28 -4 9
28 -3 12
28 -2 15
28 -1 50
28 1 103
28 2 2
29 -23 11
29 -21 6
29 -20 11
29 -19 8
29 -18 11
29 -17 30
29 -15 1
29 -14 14
29 -13 55
29 -11 17
29 -10 15
29 -9 6
29 -8 10
29 -7 14
29 -6 1
29 -5 9
29 -4 10
29 -3 15
29 -2 41
29 -1 288
29 11 1
30 -22 15
30 -21 8
30 -20 10
30 -19 5
30 -17 7
30 -16 33
30 -15 34
30 -14 13
30 -13 18
30 -12 27
30 -11 11
30 -10 20
30 -9 1
30 -8 9
30 -7 5
30 -6 12
30 -5 6
30 -4 9
30 -3 3
30 -2 32
30 -1 169
30 1 85
31 -21 3
31 -20 11
31 -18 1
31 -17 12
31 -15 18
31 -14 16
31 -13 22
31 -11 4
31 -10 16
31 -9 40
31 -8 21
31 -7 2
31 -6 17
31 -5 2
31 -4 19
31 -3 6
31 -2 66
31 -1 217
31 1 18
31 2 2
31 7 1
32 -20 12
32 -19 21
32 -18 24
32 -17 10
32 -16 29
32 -15 20
32 -13 31
32 -12 36
32 -11 44
32 -10 26
32 -9 17
32 -8 1
32 -7 25
32 -6 12
32 -5 6
32 -4 29
32 -3 87
32 -2 90
32 -1 569
32 1 11
32 10 1
33 -19 5
33 -18 5
33 -17 9
33 -16 16
33 -15 1
33 -14 21
33 -13 11
33 -12 7
33 -11 11
33 -10 13
33 -9 11
33 -8 18
33 -7 10
33 -6 4
33 -5 43
33 -4 11
33 -3 21
33 -2 32
33 -1 207
33 1 67
34 -18 16
34 -17 10
34 -16 1
34 -14 22
34 -13 1
34 -12 21
34 -11 21
34 -10 19
34 -8 1
34 -7 16
34 -6 30
34 -5 17
34 -4 4
34 -3 37
34 -2 27
34 -1 218
34 1 22
34 2 2
35 -17 9
35 -16 1
35 -15 47
35 -14 18
35 -13 49
35 -12 11
35 -11 16
35 -9 3
35 -8 42
35 -7 14
35 -6 2
35 -5 11
35 -4 34
35 -3 47
35 -2 136
35 -1 530
35 1 19
36 -16 47
36 -15 21
36 -12 15
36 -11 1
36 -10 34
36 -9 38
36 -8 11
36 -5 8
36 -4 9
36 -3 18
36 -2 4
36 -1 116
36 1 38
37 -15 33
37 -14 46
37 -13 33
37 -12 16
37 -11 41
37 -10 19
37 -8 16
37 -7 21
37 -6 46
37 -5 16
37 -4 29
37 -3 21
37 -2 94
37 -1 676
37 1 13
38 -14 10
38 -13 15
38 -10 13
38 -8 5
38 -7 6
38 -6 5
38 -5 2
38 -4 1
38 -3 27
38 -2 27
38 -1 145
38 1 33
39 -13 17
39 -12 37
39 -11 38
39 -10 16
39 -8 14
39 -7 12
39 -6 23
39 -5 28
39 -4 26
39 -3 48
39 -2 94
39 -1 706
39 1 17
39 2 1
40 -12 41
40 -11 19
40 -10 34
40 -9 73
40 -8 31
40 -7 18
40 -6 1
40 -5 23
40 -4 30
40 -3 46
40 -2 82
40 -1 317
40 1 25
41 -11 10
41 -9 13
41 -8 15
41 -7 12
41 -6 42
41 -5 6
41 -4 1
41 -2 22
41 -1 162
41 1 52
42 -10 49
42 -9 20
42 -6 5
42 -5 1
42 -4 16
42 -3 24
42 -2 6
42 1 48
43 -9 29
43 -8 57
43 -6 3
43 -5 27
43 -4 3
43 -3 41
43 -2 112
43 -1 928
43 2 1
44 -8 30
44 -6 47
44 -5 22
44 -4 65
44 -3 32
44 -2 46
44 1 32
45 -7 78
45 -5 9
45 -4 10
45 -3 30
45 -2 67
45 -1 1265
45 2 1
46 -6 50
46 -5 8
46 -4 8
46 -3 5
46 -2 21
46 -1 207
46 1 70
47 -5 10
47 -4 7
47 -2 6
47 -1 225
47 1 44
47 2 2
48 -4 22
48 -3 47
48 -2 112
48 -1 1113
48 1 12
49 -3 27
49 -2 46
49 -1 1
49 1 26
50 -2 32
50 -1 975
51 -1 919
51 1 32
52 1 102
52 2 1
52 4 1
52 6 2
52 9 2
