ROI: kras
Phase: 3
Total nodes checked: 120787
Total variants found: 33498
0 C 2
0 G 1
0 N 132
1 A 1
1 T 8
1 N 204
2 A 2
2 T 8
2 N 181
3 G 7
3 N 161
4 A 3
4 C 5
4 N 265
5 A 24
5 G 8
5 T 16
5 N 106
6 C 5
6 G 6
6 N 148
7 A 2
7 T 9
7 N 111
8 A 2
8 T 10
8 N 93
9 C 1
9 G 14
9 N 1594
10 A 2
10 T 13
10 N 164
11 A 1
11 C 9
11 T 9
11 N 196
12 A 33
12 G 22
12 T 12
12 N 204
13 A 1
13 C 11
13 T 14
13 N 149
14 A 11
14 C 3
14 G 11
14 N 491
15 G 14
15 T 13
15 N 336
16 A 15
16 T 5
16 N 311
17 A 1
17 C 12
17 T 2
17 N 431
18 A 37
18 G 12
18 T 7
18 N 521
19 C 13
19 G 5
19 T 1
19 N 579
20 G 22
20 N 776
21 A 24
21 T 4
21 N 78
22 C 1
22 G 31
22 T 1
22 N 268
23 A 15
23 T 21
23 N 114
24 C 1
24 G 27
24 N 2955
25 C 15
25 T 15
25 N 108
26 A 14
26 G 18
26 T 9
26 N 580
27 A 4
27 G 1
27 T 23
27 N 331
28 A 1
28 C 17
28 G 2
28 N 267
29 A 1
29 C 2
29 G 11
29 N 230
30 A 12
30 C 1
30 T 21
30 N 535
31 C 11
31 G 26
31 T 1
31 N 640
32 A 34
32 G 13
32 T 8
32 N 230
33 A 14
33 C 19
33 T 4
33 N 275
34 C 1
34 G 24
34 T 10
34 N 661
35 A 31
35 C 2
35 G 2
35 N 332
36 C 14
36 G 4
36 T 17
36 N 195
37 A 56
37 G 2
37 T 5
37 N 178
38 C 18
38 G 15
38 N 275
39 A 18
39 C 13
39 T 5
39 N 205
40 A 16
40 G 16
40 T 18
40 N 248
41 A 10
41 C 15
41 N 182
42 C 1
42 G 1
42 T 16
42 N 473
43 G 5
43 T 8
43 N 317
44 A 15
44 C 2
44 N 1570
45 C 8
45 G 2
45 N 210
46 A 19
46 T 21
46 N 416
47 C 13
47 G 9
47 N 437
48 A 16
48 T 3
48 N 121
49 C 1
49 G 11
49 N 185
50 C 1
50 G 3
50 T 4
50 N 213
51 A 2
51 C 4
51 N 302
0 -16 1
0 -13 1
0 -11 2
0 -10 2
0 -8 1
0 -7 7
0 -6 2
0 -5 3
0 -4 6
0 -3 10
0 -2 30
0 -1 183
1 -5 1
1 -4 3
1 -3 1
1 -2 5
1 1 47
1 2 1
2 -17 2
2 -12 1
2 -10 2
2 -8 1
2 -7 4
2 -6 2
2 -5 2
2 -4 6
2 -3 23
2 -2 34
2 -1 193
2 1 1
3 -16 1
3 -10 2
3 -9 4
3 -8 5
3 -7 1
3 -6 8
3 -5 12
3 -4 7
3 -3 14
3 -2 47
3 -1 110
3 1 18
4 -10 2
4 -7 1
4 -5 5
4 -4 3
4 -3 8
4 -2 50
4 -1 236
4 1 8
5 -19 1
5 -12 2
5 -11 1
5 -8 1
5 -7 1
5 -6 4
5 -5 7
5 -4 21
5 -3 21
5 -2 34
5 -1 116
5 1 14
6 -13 1
6 -10 2
6 -7 5
6 -6 2
6 -5 1
6 -4 2
6 -3 3
6 -2 19
6 -1 48
6 1 28
6 2 2
7 -13 2
7 -7 2
7 -5 1
7 -2 9
7 1 16
8 -21 1
8 -12 2
8 -11 2
8 -7 4
8 -6 5
8 -5 1
8 -4 3
8 -3 2
8 -2 30
8 -1 183
8 2 1
9 -18 1
9 -14 1
9 -10 2
9 -8 1
9 -7 6
9 -6 3
9 -5 2
9 -4 7
9 -3 28
9 -2 48
9 -1 62
9 1 19
10 -10 1
10 -6 2
10 -5 5
10 -4 2
10 -2 3
10 -1 2
10 1 18
11 -17 1
11 -11 1
11 -9 1
11 -7 5
11 -5 2
11 -4 8
11 -3 18
11 -2 21
11 -1 179
12 -11 2
12 -10 1
12 -9 1
12 -8 1
12 -7 4
12 -6 1
12 -5 4
12 -4 10
12 -3 18
12 -2 47
12 -1 100
12 1 23
13 -11 1
13 -6 11
13 -5 3
13 -2 16
13 -1 79
13 1 14
13 2 1
14 -13 1
14 -8 3
14 -7 5
14 -6 6
14 -5 9
14 -4 15
14 -3 11
14 -2 25
14 -1 84
14 1 11
14 2 1
15 -14 1
15 -12 1
15 -9 2
15 -6 1
15 -4 1
15 -3 2
15 -2 9
15 -1 55
15 1 28
15 2 1
16 -11 1
16 -10 1
16 -8 1
16 -6 3
16 -4 7
16 -3 9
16 -2 11
16 -1 1
16 1 8
17 -7 7
17 -6 1
17 -5 10
17 -4 3
17 -3 23
17 -2 85
17 -1 425
18 -13 1
18 -11 1
18 -10 1
18 -6 3
18 -5 6
18 -4 18
18 -3 15
18 -2 31
18 -1 98
18 1 17
19 -33 1
19 -15 1
19 -8 4
19 -6 4
19 -5 3
19 -4 1
19 -2 5
19 1 20
20 -9 3
20 -8 3
20 -7 3
20 -6 2
20 -5 8
20 -4 8
20 -3 20
20 -2 42
20 -1 318
21 -17 1
21 -15 1
21 -14 1
21 -11 1
21 -10 2
21 -7 2
21 -6 2
21 -5 5
21 -4 2
21 -3 14
21 -2 49
21 -1 345
21 1 21
22 -7 1
22 -6 4
22 -5 1
22 -4 12
22 -3 19
22 -2 51
22 -1 111
22 1 6
23 -14 1
23 -12 2
23 -9 5
23 -8 1
23 -6 4
23 -5 7
23 -4 5
23 -3 18
23 -2 44
23 -1 255
23 1 7
24 -13 1
24 -10 1
24 -9 1
24 -8 1
24 -7 4
24 -6 4
24 -4 5
24 -3 7
24 -2 42
24 -1 116
24 1 9
25 -11 1
25 -6 1
25 -4 5
25 -3 5
25 -2 11
25 -1 58
25 1 18
26 -8 1
26 -7 3
26 -6 1
26 -5 12
26 -4 4
26 -3 13
26 -2 15
26 -1 2
26 1 10
27 -14 1
27 -11 2
27 -9 1
27 -8 1
27 -7 2
27 -6 6
27 -5 1
27 -4 4
27 -3 5
27 -2 20
27 -1 153
27 1 1
28 -15 1
28 -9 1
28 -6 1
28 -5 5
28 -4 2
28 -3 3
28 -2 2
28 -1 1
28 1 44
29 -13 1
29 -8 2
29 -7 1
29 -5 2
29 -4 3
29 -3 5
29 -2 18
29 -1 122
30 -11 1
30 -10 1
30 -6 1
30 -3 1
30 -2 13
30 -1 75
30 1 28
31 -13 1
31 -11 2
31 -10 1
31 -9 1
31 -6 3
31 -5 2
31 -4 6
31 -3 3
31 -2 25
31 -1 112
31 1 8
31 2 1
32 -18 1
32 -12 1
32 -11 1
32 -8 1
32 -7 2
32 -6 3
32 -5 2
32 -4 8
32 -3 28
32 -2 50
32 -1 281
32 1 3
33 -19 1
33 -17 1
33 -14 1
33 -11 1
33 -8 1
33 -6 1
33 -5 8
33 -4 3
33 -3 6
33 -2 15
33 -1 74
33 1 30
34 -11 1
34 -6 2
34 -5 3
34 -3 7
34 -2 12
34 -1 91
34 1 9
34 2 1
35 -11 1
35 -8 1
35 -5 1
35 -4 9
35 -3 13
35 -2 66
35 -1 284
35 1 10
35 3 1
36 -12 2
36 -9 1
36 -8 1
36 -5 1
36 -4 1
36 -3 7
36 -2 2
36 -1 65
36 1 12
37 -12 1
37 -8 1
37 -7 1
37 -6 8
37 -5 1
37 -4 9
37 -3 12
37 -2 54
37 -1 362
37 1 8
38 -8 1
38 -3 6
38 -2 10
38 -1 25
38 1 14
39 -11 1
39 -8 1
39 -6 3
39 -5 2
39 -4 6
39 -3 15
39 -2 55
39 -1 333
39 1 8
40 -10 1
40 -9 2
40 -8 2
40 -5 3
40 -4 8
40 -3 18
40 -2 33
40 -1 150
40 1 7
41 -7 1
41 -6 3
41 -2 9
41 -1 62
41 1 14
42 -10 1
42 -9 2
42 -6 2
42 -4 2
42 -3 5
42 -2 4
42 1 20
43 -8 2
43 -6 1
43 -5 1
43 -4 1
43 -3 5
43 -2 52
43 -1 530
44 -8 3
44 -6 6
44 -5 6
44 -4 13
44 -3 12
44 -2 17
44 1 11
45 -7 5
45 -5 1
45 -4 3
45 -3 10
45 -2 44
45 -1 645
46 -6 2
46 -5 1
46 -3 3
46 -2 9
46 -1 72
46 1 27
47 -5 1
47 -4 1
47 -2 2
47 -1 58
47 1 9
48 -4 2
48 -3 11
48 -2 48
48 -1 519
48 1 3
49 -3 9
49 -2 22
49 1 9
50 -2 19
50 -1 622
51 -1 534
51 1 13
52 1 35
52 6 1
