ROI: kras
Phase: 0
Total nodes checked: 1196
Total variants found: 452
2 N 2
4 N 1
5 T 1
5 N 2
8 N 2
9 N 14
14 N 2
15 N 3
16 N 2
18 N 4
19 N 1
24 N 6
25 N 1
28 N 2
29 N 4
30 N 2
32 N 1
33 N 1
34 N 4
35 N 1
37 N 1
41 N 1
42 N 1
43 N 1
44 N 1
46 A 1
47 N 1
48 N 1
49 N 10
50 N 1
0 -15 2
0 -8 1
0 -7 1
0 -5 1
0 -4 1
0 -1 2
1 -21 1
1 -19 1
1 -14 3
1 -11 3
1 -5 1
2 -17 1
2 -13 1
2 -12 3
2 -11 3
2 -10 3
2 -4 1
2 -1 4
3 -43 1
3 -23 1
3 -21 1
3 -18 1
3 -15 5
3 -14 1
3 -13 1
3 -11 1
3 -9 1
3 -6 1
3 -4 1
3 -2 4
4 -18 2
4 -16 1
4 -10 1
4 -8 1
4 -1 1
5 -22 1
5 -21 1
5 -20 2
5 -17 4
5 -16 3
5 -14 2
5 -12 3
5 -11 1
5 -9 3
5 -4 1
5 -2 2
6 -24 1
6 -20 1
6 -17 1
6 -16 1
6 -14 2
6 -12 6
6 -11 2
6 -10 2
6 -9 1
6 -7 2
6 1 1
7 -17 1
7 -15 1
7 -13 2
7 -8 1
8 -23 1
8 -20 1
8 -18 2
8 -16 2
8 -14 1
8 -12 2
8 -10 1
8 -1 2
9 -21 1
9 -18 1
9 -17 3
9 -14 1
9 -13 3
9 -9 1
10 -19 1
10 -17 1
10 -12 1
10 -10 1
10 -9 1
10 -8 1
11 -24 1
11 -16 1
11 -15 2
11 -13 1
11 -9 1
11 -3 1
11 -2 1
12 -19 1
12 -17 1
12 -13 1
12 -12 3
12 -11 1
12 -10 1
12 -7 1
12 -5 1
12 -1 1
13 -14 2
13 -13 1
13 -7 1
13 -1 2
14 -13 2
14 -12 1
14 -11 1
14 -8 2
14 -4 2
14 -3 2
14 -1 2
15 -30 1
15 -15 3
15 -12 1
15 -11 2
15 -10 1
15 -9 1
15 -2 2
16 -24 1
16 -21 1
16 -19 2
16 -16 1
16 -15 1
16 -12 1
16 -11 1
16 -10 1
17 -23 1
17 -20 1
17 -14 1
17 -13 1
17 -12 1
17 -10 2
17 -9 2
17 -5 1
17 -1 5
18 -18 1
18 -13 1
18 -12 1
18 -3 1
19 -25 1
19 -16 1
19 -9 2
19 -8 1
19 -7 1
20 -17 1
20 -13 2
20 -12 1
20 -9 1
20 -3 1
20 -2 1
21 -13 1
21 -11 5
21 -10 1
21 -2 1
21 -1 4
22 -18 1
22 -15 1
22 -13 1
22 -5 2
22 -4 1
22 -1 1
23 -13 2
23 -11 1
23 -9 1
23 -1 5
24 -18 1
24 -13 1
24 -12 2
24 -9 1
24 -7 1
24 -1 1
25 -20 1
25 -17 1
25 -16 1
25 -13 1
25 -11 1
25 -4 1
25 -1 1
26 -24 1
26 -17 1
26 -9 1
26 -8 1
26 -5 1
26 -3 1
26 -2 1
27 -14 1
27 -12 2
27 -6 1
27 -1 1
28 -15 1
28 -14 2
28 -12 1
28 -10 1
29 -23 1
29 -19 2
29 -17 1
29 -6 1
29 -2 1
30 -1 2
31 -21 1
31 -13 1
32 -12 4
32 -2 1
33 -12 1
33 -10 1
33 -4 1
33 -1 1
34 -1 1
34 1 1
35 -14 1
35 -11 1
35 -8 1
35 -5 1
35 -1 1
36 -16 1
36 -10 1
36 -5 1
36 -1 1
37 -14 2
37 -8 1
37 -7 1
37 -1 1
38 -10 1
39 -11 1
39 -10 1
39 -8 1
39 -2 1
39 -1 3
40 -12 1
40 -9 1
40 -5 2
40 1 1
41 -8 1
41 -6 1
41 -1 1
42 -10 1
43 -8 1
43 -5 1
43 -2 1
43 -1 5
44 -8 2
44 -7 1
44 -6 3
44 -4 1
44 -3 1
45 -7 1
45 -2 1
45 -1 4
46 -6 1
46 -5 1
46 -1 1
47 -1 1
48 -2 1
48 -1 3
49 -3 1
49 1 1
50 -1 2
51 -1 6
52 1 3
