ROI: kras
Phase: 1
Total nodes checked: 121829
Total variants found: 23064
0 A 1
0 G 1
0 N 56
1 A 1
1 T 1
1 N 34
2 A 2
2 T 1
2 N 47
3 G 3
3 N 58
4 C 2
4 T 1
4 N 34
5 A 13
5 T 6
5 N 98
6 G 2
6 N 37
7 A 1
7 T 3
7 N 28
8 A 1
8 T 5
8 N 30
9 G 6
9 N 141
10 A 1
10 T 3
10 N 40
11 C 3
11 T 1
11 N 34
12 A 2
12 G 6
12 T 1
12 N 103
13 C 4
13 T 4
13 N 43
14 A 2
14 C 1
14 G 4
14 N 81
15 G 3
15 T 4
15 N 43
16 A 4
16 N 41
17 C 2
17 N 63
18 A 7
18 G 4
18 T 2
18 N 106
19 C 4
19 G 1
19 N 74
20 C 1
20 G 3
20 N 56
21 A 7
21 T 2
21 N 63
22 G 7
22 N 85
23 A 5
23 T 4
23 N 38
24 G 6
24 N 203
25 C 3
25 T 3
25 N 50
26 A 11
26 G 5
26 T 2
26 N 84
27 A 2
27 T 5
27 N 70
28 C 4
28 N 194
29 G 5
29 N 48
30 A 4
30 T 5
30 N 87
31 C 4
31 G 3
31 N 69
32 A 5
32 G 4
32 N 100
33 A 4
33 C 1
33 N 48
34 G 3
34 T 4
34 N 70
35 A 5
35 C 1
35 N 118
36 C 4
36 G 2
36 T 1
36 N 105
37 A 12
37 T 2
37 N 138
38 C 1
38 G 4
38 N 62
39 A 1
39 C 5
39 N 79
40 A 3
40 G 1
40 T 5
40 N 79
41 A 5
41 C 2
41 N 45
42 T 1
42 N 58
43 G 2
43 T 5
43 N 61
44 A 1
44 C 2
44 N 61
45 C 4
45 N 154
46 A 9
46 T 2
46 N 108
47 G 2
47 N 176
48 A 1
48 T 1
48 N 34
49 C 2
49 N 67
50 T 1
50 N 69
51 C 1
51 N 52
0 -52 2
0 -50 2
0 -49 1
0 -47 2
0 -46 1
0 -43 2
0 -39 2
0 -38 1
0 -31 1
0 -30 2
0 -28 1
0 -27 2
0 -26 4
0 -25 11
0 -23 6
0 -22 9
0 -21 14
0 -20 20
0 -19 19
0 -18 37
0 -17 49
0 -16 56
0 -15 129
0 -14 6
0 -13 60
0 -12 71
0 -11 72
0 -10 116
0 -9 3
0 -8 39
0 -7 56
0 -6 1
0 -5 7
0 -4 5
0 -3 12
0 -2 10
0 -1 74
1 -51 5
1 -50 1
1 -46 2
1 -45 3
1 -44 2
1 -43 1
1 -40 1
1 -39 1
1 -36 1
1 -34 2
1 -33 1
1 -31 2
1 -30 2
1 -28 2
1 -27 1
1 -26 6
1 -25 2
1 -23 13
1 -22 1
1 -21 17
1 -20 2
1 -19 18
1 -18 29
1 -17 28
1 -16 3
1 -15 2
1 -14 116
1 -13 47
1 -12 6
1 -11 32
1 -10 3
1 -9 1
1 -8 18
1 -6 2
1 -5 7
1 -4 2
1 -3 1
1 -2 5
1 1 4
2 -50 1
2 -49 5
2 -48 3
2 -45 1
2 -43 1
2 -41 1
2 -38 2
2 -32 1
2 -30 2
2 -29 5
2 -26 4
2 -25 3
2 -24 16
2 -22 23
2 -21 2
2 -20 44
2 -19 5
2 -18 31
2 -17 34
2 -16 68
2 -15 4
2 -14 4
2 -13 61
2 -12 72
2 -11 8
2 -10 70
2 -9 7
2 -8 9
2 -7 36
2 -6 4
2 -5 4
2 -4 17
2 -3 26
2 -2 5
2 -1 46
3 -49 2
3 -48 5
3 -45 3
3 -36 1
3 -34 1
3 -30 2
3 -29 1
3 -27 2
3 -26 2
3 -25 5
3 -24 7
3 -23 15
3 -22 16
3 -21 25
3 -20 16
3 -18 16
3 -17 1
3 -16 12
3 -15 124
3 -14 98
3 -13 45
3 -12 8
3 -11 86
3 -10 49
3 -9 117
3 -8 66
3 -7 32
3 -6 50
3 -5 33
3 -4 15
3 -3 14
3 -2 31
3 -1 36
3 1 2
4 -47 1
4 -46 3
4 -45 2
4 -43 1
4 -32 1
4 -31 2
4 -30 2
4 -28 5
4 -27 1
4 -25 2
4 -24 3
4 -23 6
4 -22 5
4 -21 2
4 -20 13
4 -19 2
4 -18 26
4 -17 6
4 -16 61
4 -15 31
4 -14 49
4 -13 4
4 -12 2
4 -11 34
4 -10 39
4 -9 2
4 -8 20
4 -7 2
4 -6 4
4 -5 8
4 -3 1
4 -2 14
4 -1 34
5 -47 2
5 -46 1
5 -45 2
5 -44 1
5 -43 1
5 -39 1
5 -31 1
5 -30 1
5 -29 1
5 -28 2
5 -26 4
5 -25 5
5 -24 4
5 -23 7
5 -22 1
5 -21 2
5 -20 21
5 -19 72
5 -18 38
5 -17 99
5 -16 50
5 -15 53
5 -14 45
5 -13 15
5 -12 148
5 -11 44
5 -10 39
5 -9 56
5 -8 22
5 -7 9
5 -6 23
5 -5 11
5 -4 24
5 -3 23
5 -2 25
5 -1 38
6 -46 2
6 -43 1
6 -42 2
6 -40 1
6 -31 3
6 -30 1
6 -27 1
6 -26 2
6 -24 4
6 -22 3
6 -21 40
6 -20 26
6 -19 18
6 -18 7
6 -17 37
6 -16 20
6 -15 45
6 -14 17
6 -13 57
6 -12 61
6 -11 46
6 -10 46
6 -9 20
6 -8 6
6 -7 35
6 -6 12
6 -5 4
6 -4 5
6 -3 3
6 -2 5
6 -1 14
6 1 5
7 -45 2
7 -44 1
7 -38 1
7 -29 3
7 -28 2
7 -27 2
7 -26 1
7 -25 4
7 -24 2
7 -22 16
7 -21 3
7 -20 8
7 -19 11
7 -18 2
7 -17 27
7 -16 2
7 -15 23
7 -14 3
7 -13 22
7 -12 10
7 -11 29
7 -9 3
7 -8 34
7 -7 11
7 -5 4
7 -4 1
7 -3 1
7 -2 5
7 -1 1
7 1 7
8 -42 1
8 -41 1
8 -33 1
8 -29 4
8 -28 2
8 -27 2
8 -24 3
8 -23 15
8 -22 1
8 -21 12
8 -20 12
8 -19 7
8 -18 60
8 -17 1
8 -16 67
8 -15 2
8 -14 84
8 -13 13
8 -12 46
8 -11 36
8 -10 47
8 -8 5
8 -7 15
8 -6 22
8 -5 3
8 -4 7
8 -3 2
8 -2 4
8 -1 34
9 -43 1
9 -40 1
9 -38 1
9 -37 1
9 -34 1
9 -29 1
9 -28 1
9 -27 1
9 -25 7
9 -24 3
9 -23 1
9 -22 12
9 -21 6
9 -20 1
9 -19 1
9 -18 21
9 -17 59
9 -16 36
9 -15 5
9 -14 54
9 -13 104
9 -12 74
9 -11 68
9 -10 43
9 -9 73
9 -8 50
9 -7 13
9 -6 14
9 -4 9
9 -3 19
9 -2 19
9 -1 17
9 1 5
10 -41 1
10 -39 1
10 -34 1
10 -26 4
10 -24 4
10 -22 4
10 -21 11
10 -19 34
10 -18 18
10 -17 17
10 -16 26
10 -15 1
10 -14 39
10 -13 2
10 -12 40
10 -10 25
10 -9 15
10 -8 14
10 -6 5
10 -5 28
10 -4 6
10 -2 4
10 -1 1
10 1 2
11 -31 2
11 -29 1
11 -27 1
11 -26 1
11 -25 4
11 -24 2
11 -23 10
11 -22 2
11 -21 6
11 -20 26
11 -19 2
11 -18 13
11 -17 21
11 -16 43
11 -15 146
11 -14 7
11 -13 85
11 -12 6
11 -11 79
11 -10 3
11 -9 46
11 -8 19
11 -7 28
11 -6 1
11 -4 16
11 -3 13
11 -2 4
11 -1 52
11 1 1
12 -31 1
12 -30 1
12 -29 2
12 -25 1
12 -24 5
12 -23 3
12 -22 14
12 -21 3
12 -19 26
12 -18 16
12 -17 36
12 -16 43
12 -15 6
12 -14 4
12 -13 61
12 -12 114
12 -11 60
12 -10 81
12 -9 27
12 -8 25
12 -7 13
12 -6 3
12 -5 22
12 -4 15
12 -3 7
12 -2 20
12 -1 29
12 1 4
13 -36 1
13 -29 1
13 -25 5
13 -24 2
13 -23 3
13 -22 6
13 -21 6
13 -20 1
13 -19 7
13 -18 14
13 -17 1
13 -16 25
13 -15 67
13 -14 131
13 -13 27
13 -12 2
13 -11 23
13 -10 2
13 -9 18
13 -8 3
13 -7 12
13 -6 45
13 -5 4
13 -4 1
13 -2 2
13 -1 17
13 1 1
14 -36 1
14 -26 5
14 -25 3
14 -24 4
14 -23 3
14 -22 7
14 -21 3
14 -20 29
14 -19 7
14 -18 17
14 -17 67
14 -16 25
14 -14 4
14 -13 47
14 -12 105
14 -11 47
14 -10 5
14 -9 36
14 -8 42
14 -7 27
14 -6 17
14 -5 19
14 -4 20
14 -3 13
14 -2 9
14 -1 26
14 1 4
15 -24 1
15 -22 4
15 -20 6
15 -19 2
15 -18 20
15 -17 22
15 -16 1
15 -15 77
15 -14 85
15 -13 36
15 -12 37
15 -11 37
15 -10 94
15 -9 30
15 -8 11
15 -7 1
15 -6 8
15 -5 1
15 -4 2
15 -3 5
15 -2 5
15 -1 10
15 1 1
16 -34 1
16 -33 1
16 -28 1
16 -27 1
16 -25 2
16 -24 1
16 -22 5
16 -21 18
16 -20 15
16 -19 17
16 -18 10
16 -17 3
16 -16 50
16 -15 32
16 -14 1
16 -13 42
16 -12 36
16 -11 48
16 -10 28
16 -9 2
16 -8 20
16 -6 16
16 -5 1
16 -4 6
16 -3 4
16 -2 8
16 1 1
17 -30 1
17 -29 2
17 -28 1
17 -26 3
17 -25 3
17 -24 4
17 -23 6
17 -21 6
17 -20 2
17 -19 12
17 -18 14
17 -17 33
17 -16 6
17 -15 42
17 -14 79
17 -13 3
17 -12 57
17 -11 44
17 -10 51
17 -9 59
17 -8 5
17 -7 40
17 -6 1
17 -5 21
17 -4 1
17 -3 11
17 -2 31
17 -1 129
18 -34 2
18 -32 1
18 -31 1
18 -26 3
18 -25 1
18 -24 3
18 -23 4
18 -22 2
18 -21 5
18 -20 10
18 -18 14
18 -17 28
18 -16 40
18 -15 35
18 -14 5
18 -13 91
18 -12 44
18 -11 35
18 -10 42
18 -9 3
18 -8 4
18 -7 26
18 -6 33
18 -5 15
18 -4 20
18 -3 15
18 -2 12
18 -1 31
19 -32 1
19 -29 1
19 -26 1
19 -25 1
19 -22 16
19 -21 7
19 -20 7
19 -19 1
19 -18 10
19 -17 1
19 -16 32
19 -15 3
19 -14 73
19 -13 31
19 -12 3
19 -11 31
19 -10 22
19 -9 38
19 -8 56
19 -7 14
19 -6 4
19 -5 7
19 -4 7
19 -3 1
19 1 1
20 -32 1
20 -28 5
20 -26 1
20 -25 6
20 -24 5
20 -21 5
20 -20 6
20 -19 27
20 -17 48
20 -16 6
20 -15 72
20 -14 6
20 -13 45
20 -12 81
20 -11 3
20 -10 44
20 -9 43
20 -8 32
20 -7 15
20 -6 23
20 -5 7
20 -4 10
20 -3 9
20 -2 10
20 -1 95
21 -30 1
21 -25 2
21 -24 5
21 -23 10
21 -22 6
21 -21 2
21 -20 6
21 -19 9
21 -17 15
21 -16 98
21 -15 35
21 -14 79
21 -13 28
21 -12 4
21 -11 62
21 -10 24
21 -9 2
21 -8 27
21 -7 12
21 -6 15
21 -5 10
21 -3 8
21 -2 9
21 -1 80
21 1 1
22 -30 1
22 -26 1
22 -23 2
22 -22 4
22 -19 6
22 -18 43
22 -17 11
22 -16 2
22 -15 48
22 -14 2
22 -13 46
22 -12 4
22 -11 39
22 -10 33
22 -9 2
22 -8 38
22 -7 24
22 -6 16
22 -5 15
22 -4 26
22 -3 12
22 -2 29
22 -1 33
22 1 5
23 -28 1
23 -27 1
23 -26 2
23 -24 2
23 -23 3
23 -22 2
23 -21 8
23 -20 11
23 -19 8
23 -18 15
23 -17 17
23 -16 3
23 -15 27
23 -14 95
23 -13 46
23 -12 93
23 -11 27
23 -10 5
23 -9 84
23 -8 9
23 -7 1
23 -6 10
23 -5 4
23 -4 7
23 -3 6
23 -2 6
23 -1 59
24 -28 1
24 -26 2
24 -25 8
24 -24 1
24 -23 3
24 -22 5
24 -19 11
24 -18 6
24 -16 66
24 -15 31
24 -14 31
24 -13 53
24 -12 45
24 -10 54
24 -9 17
24 -8 32
24 -7 24
24 -6 19
24 -5 1
24 -4 2
24 -3 16
24 -2 10
24 -1 24
24 1 1
25 -26 1
25 -25 2
25 -24 1
25 -22 3
25 -21 9
25 -20 8
25 -19 14
25 -18 9
25 -17 36
25 -16 11
25 -15 19
25 -13 16
25 -12 16
25 -11 56
25 -10 17
25 -9 8
25 -7 8
25 -6 4
25 -4 14
25 -3 1
25 -2 4
25 -1 9
25 1 3
26 -26 4
26 -25 2
26 -24 4
26 -23 8
26 -22 4
26 -21 4
26 -19 11
26 -18 8
26 -17 6
26 -16 22
26 -15 25
26 -14 1
26 -13 34
26 -12 31
26 -11 3
26 -10 25
26 -9 22
26 -8 23
26 -7 12
26 -5 25
26 -4 7
26 -3 8
26 -2 6
26 1 3
27 -25 3
27 -24 3
27 -23 7
27 -22 5
27 -21 7
27 -20 9
27 -18 11
27 -17 17
27 -16 15
27 -15 29
27 -14 65
27 -13 1
27 -12 30
27 -11 50
27 -10 1
27 -9 18
27 -8 11
27 -7 9
27 -6 23
27 -4 3
27 -3 4
27 -2 7
27 -1 26
28 -24 1
28 -22 6
28 -21 11
28 -20 11
28 -19 16
28 -18 4
28 -15 16
28 -14 19
28 -12 30
28 -11 18
28 -10 28
28 -9 13
28 -8 6
28 -6 3
28 -5 4
28 -4 2
28 -3 5
28 -2 1
28 -1 1
28 1 4
29 -23 6
29 -21 11
29 -20 6
29 -19 4
29 -18 5
29 -17 13
29 -15 1
29 -14 12
29 -13 37
29 -11 15
29 -10 11
29 -9 4
29 -8 4
29 -7 6
29 -4 1
29 -3 1
29 -2 5
29 -1 29
30 -22 9
30 -21 3
30 -20 6
30 -19 7
30 -17 6
30 -16 38
30 -15 20
30 -14 13
30 -13 11
30 -12 28
30 -11 15
30 -10 17
30 -8 2
30 -7 2
30 -6 8
30 -5 2
30 -4 2
30 -3 1
30 -2 4
30 -1 21
30 1 5
31 -21 3
31 -20 6
31 -17 11
31 -15 11
31 -14 15
31 -13 13
31 -11 1
31 -10 22
31 -9 16
31 -8 10
31 -7 1
31 -6 3
31 -5 2
31 -4 7
31 -2 5
31 -1 15
32 -20 4
32 -19 13
32 -18 20
32 -17 12
32 -16 20
32 -15 14
32 -14 1
32 -13 22
32 -12 49
32 -11 59
32 -10 22
32 -9 14
32 -8 3
32 -7 20
32 -6 11
32 -5 1
32 -4 7
32 -3 10
32 -2 5
32 -1 51
32 1 2
33 -19 5
33 -18 5
33 -17 10
33 -16 11
33 -14 29
33 -13 7
33 -12 7
33 -11 4
33 -10 7
33 -9 9
33 -8 14
33 -7 5
33 -6 1
33 -5 7
33 -4 1
33 -3 3
33 -2 6
33 -1 13
33 1 3
34 -18 3
34 -17 7
34 -14 16
34 -13 1
34 -12 24
34 -11 17
34 -10 9
34 -8 1
34 -7 13
34 -6 14
34 -5 11
34 -4 2
34 -3 9
34 -2 2
34 -1 25
34 1 1
35 -17 11
35 -16 1
35 -15 31
35 -14 12
35 -13 31
35 -12 13
35 -11 14
35 -10 1
35 -9 1
35 -8 32
35 -7 10
35 -6 2
35 -5 4
35 -4 8
35 -3 6
35 -2 20
35 -1 37
35 1 1
36 -16 36
36 -15 6
36 -14 1
36 -13 1
36 -12 20
36 -11 1
36 -10 33
36 -9 35
36 -8 4
36 -6 1
36 -5 6
36 -4 1
36 -3 4
36 -1 15
36 1 2
37 -15 27
37 -14 31
37 -13 45
37 -12 14
37 -11 40
37 -10 22
37 -9 2
37 -8 20
37 -7 19
37 -6 19
37 -5 6
37 -4 9
37 -3 3
37 -2 9
37 -1 67
37 1 1
38 -14 12
38 -13 20
38 -10 11
38 -9 1
38 -8 14
38 -7 11
38 -6 3
38 -5 1
38 -4 1
38 -3 11
38 -2 3
38 -1 17
38 1 2
39 -13 10
39 -12 24
39 -11 30
39 -10 12
39 -9 2
39 -8 9
39 -7 15
39 -6 13
39 -5 9
39 -4 8
39 -3 5
39 -2 8
39 -1 51
39 1 2
40 -12 37
40 -11 24
40 -10 28
40 -9 63
40 -8 26
40 -7 14
40 -5 24
40 -4 17
40 -3 12
40 -2 11
40 -1 17
40 1 1
41 -11 12
41 -9 20
41 -8 10
41 -7 20
41 -6 30
41 -5 8
41 -2 2
41 -1 28
41 1 4
42 -10 62
42 -9 36
42 -6 9
42 -5 1
42 -4 9
42 -3 12
42 -2 3
42 1 3
43 -9 61
43 -8 95
43 -7 1
43 -6 1
43 -5 26
43 -4 1
43 -3 18
43 -2 19
43 -1 81
44 -8 39
44 -6 41
44 -5 17
44 -4 27
44 -3 6
44 -2 16
44 1 3
45 -7 83
45 -5 5
45 -4 1
45 -3 2
45 -2 12
45 -1 164
46 -6 43
46 -5 5
46 -4 1
46 -3 5
46 -2 3
46 -1 24
46 1 6
47 -5 3
47 -1 34
47 1 4
48 -4 7
48 -3 11
48 -2 20
48 -1 109
48 1 3
49 -3 9
49 -2 7
49 1 4
50 -2 2
50 -1 62
51 -1 38
52 1 10
