ROI: kras
Phase: 1
Total nodes checked: 2445
Total variants found: 195
0 N 1
1 N 1
3 N 2
4 N 1
5 N 4
8 N 1
9 N 7
10 N 2
12 N 4
13 N 3
14 N 3
15 N 2
16 N 1
17 N 1
18 N 6
19 N 4
20 N 2
21 N 3
22 N 4
23 N 1
24 N 19
25 N 2
26 N 3
27 N 1
28 N 10
29 N 6
30 N 5
31 N 1
32 N 2
33 N 1
34 N 2
35 N 8
36 N 7
37 N 6
38 N 1
39 N 3
40 N 4
41 N 2
42 N 2
43 N 4
45 N 7
46 N 4
47 N 6
48 N 1
49 N 1
50 N 4
51 N 4
3 1 1
5 -3 1
5 -1 1
10 1 1
11 -1 1
12 -1 1
15 -8 1
17 -2 2
17 -1 1
18 -1 1
20 -1 1
22 -3 1
23 -1 2
32 -1 1
34 -1 1
36 -1 1
37 -1 1
40 -1 1
45 -5 1
45 -1 3
47 1 1
48 -1 1
