ROI: kras
Phase: 4
Total nodes checked: 5681
Total variants found: 1828
0 N 4
1 N 9
2 N 10
3 N 5
4 N 7
5 A 3
5 T 1
5 N 19
6 N 5
7 N 5
8 N 6
9 G 2
9 N 40
10 A 1
10 N 7
11 N 3
12 A 2
12 N 2
13 N 5
14 N 28
15 N 6
16 T 1
16 N 19
17 N 9
18 A 1
18 N 8
19 N 23
20 N 24
21 N 5
22 N 14
23 N 3
24 N 327
25 N 7
26 A 1
26 N 12
27 N 8
28 C 1
28 N 10
29 N 5
30 T 1
30 N 31
31 N 11
32 A 2
32 N 8
33 N 22
34 N 7
35 N 19
36 N 5
37 T 1
37 N 8
38 C 1
38 N 12
39 N 8
40 A 2
40 N 11
41 C 2
41 N 12
42 C 1
42 G 2
42 T 1
42 N 26
43 N 26
44 A 1
44 N 6
45 N 6
46 A 1
46 T 1
46 N 34
47 C 1
47 N 16
48 A 1
48 N 8
49 N 2
50 N 4
51 C 1
51 N 11
0 -10 1
0 -4 1
0 -2 4
0 -1 10
1 -19 1
1 1 1
2 -4 1
2 -3 3
2 -2 4
2 -1 15
3 -5 1
3 -4 1
3 -3 1
3 -2 1
3 -1 5
3 1 2
4 -4 1
4 -3 1
4 -2 3
4 -1 21
5 -10 1
5 -9 1
5 -6 1
5 -4 1
5 -3 3
5 -2 3
5 -1 10
6 -12 1
6 -2 1
6 -1 6
6 1 1
7 -5 1
8 -15 1
8 -7 1
8 -1 11
9 -9 1
9 -6 1
9 -4 2
9 -3 1
9 -2 2
9 -1 4
9 1 4
10 -7 1
10 -5 2
10 1 1
11 -3 1
11 -2 2
11 -1 6
12 -11 1
12 -3 1
12 -2 2
12 -1 6
12 1 1
13 -1 2
13 1 2
14 -12 1
14 -4 3
14 -3 2
14 -2 2
14 -1 7
15 -3 1
15 -1 6
15 1 1
16 -3 1
16 -2 1
16 1 1
17 -5 3
17 -3 1
17 -2 5
17 -1 26
18 -10 1
18 -6 1
18 -5 2
18 -4 1
18 -3 1
18 -2 4
18 -1 9
18 1 1
19 1 3
20 -9 1
20 -3 2
20 -2 3
20 -1 18
21 -10 1
21 -4 1
21 -2 10
21 -1 24
22 -7 1
22 -4 1
22 -2 4
22 -1 4
22 1 1
23 -9 1
23 -4 1
23 -3 3
23 -2 6
23 -1 14
24 -9 1
24 -7 2
24 -2 3
24 -1 9
25 -11 1
25 -2 1
25 -1 7
25 1 1
26 -5 2
26 -4 1
26 -2 1
27 -2 1
27 -1 10
28 1 1
29 -18 1
29 -3 1
29 -1 9
30 -2 1
30 -1 8
30 1 1
31 -4 1
31 -3 1
31 -2 1
31 -1 6
32 -9 1
32 -8 1
32 -7 1
32 -6 3
32 -5 1
32 -4 1
32 -3 3
32 -2 6
32 -1 27
33 -5 1
33 -4 1
33 -1 6
33 1 2
34 -6 1
34 -5 1
34 -1 9
35 -15 1
35 -4 1
35 -3 1
35 -2 7
35 -1 16
36 -10 1
36 -9 1
36 -5 1
36 -2 2
36 -1 4
36 1 1
37 -6 1
37 -3 3
37 -2 6
37 -1 40
38 -2 1
38 -1 1
39 -5 1
39 -2 5
39 -1 22
39 1 1
40 -5 1
40 -3 3
40 -2 2
40 -1 9
40 1 2
41 -1 3
42 -4 1
42 1 1
43 -5 2
43 -2 5
43 -1 36
44 -5 1
45 -7 1
45 -2 2
45 -1 59
46 -3 1
46 -2 1
46 -1 4
46 1 1
47 -4 1
47 -1 7
47 1 2
48 -3 1
48 -2 4
48 -1 43
49 -3 1
49 -2 4
50 -2 1
50 -1 38
51 -1 31
51 1 1
52 1 2
