ROI: kras
Phase: 1
Total nodes checked: 11278644
Total variants found: 2936739
0 A 250
0 C 973
0 G 1024
0 N 1207
1 A 749
1 C 201
1 T 1114
1 N 732
2 A 688
2 C 163
2 T 669
2 N 617
3 C 321
3 G 2784
3 T 367
3 N 1717
4 A 821
4 C 343
4 T 514
4 N 490
5 A 4010
5 G 1001
5 T 3972
5 N 2095
6 A 244
6 C 1455
6 G 2547
6 N 2075
7 A 588
7 C 154
7 T 1214
7 N 452
8 A 428
8 C 71
8 T 1000
8 N 345
9 A 660
9 C 925
9 G 2376
9 N 2343
10 A 895
10 C 149
10 T 1496
10 N 1281
11 A 492
11 C 584
11 T 520
11 N 477
12 A 3173
12 G 1947
12 T 2441
12 N 1600
13 A 1185
13 C 1245
13 T 7732
13 N 6911
14 A 1319
14 C 775
14 G 3601
14 N 2206
15 C 109
15 G 1463
15 T 1483
15 N 470
16 A 2209
16 C 131
16 T 897
16 N 1252
17 A 750
17 C 854
17 T 680
17 N 739
18 A 6350
18 G 1569
18 T 1668
18 N 3167
19 C 1490
19 G 1569
19 T 293
19 N 1169
20 C 381
20 G 2021
20 T 375
20 N 1232
21 A 2385
21 C 108
21 T 605
21 N 729
22 C 186
22 G 3187
22 T 346
22 N 1372
23 A 1649
23 C 117
23 T 1470
23 N 486
24 A 638
24 C 1307
24 G 2678
24 N 2899
25 A 561
25 C 1171
25 T 1830
25 N 831
26 A 2423
26 G 1450
26 T 1315
26 N 1416
27 A 1356
27 G 287
27 T 1974
27 N 856
28 A 449
28 C 1975
28 G 693
28 N 3107
29 A 347
29 C 1193
29 G 1005
29 N 729
30 A 1642
30 C 160
30 T 1748
30 N 1107
31 C 980
31 G 2183
31 T 344
31 N 848
32 A 3726
32 G 1107
32 T 1710
32 N 3376
33 A 1659
33 C 1268
33 T 459
33 N 738
34 C 92
34 G 1912
34 T 1421
34 N 794
35 A 2158
35 C 773
35 G 132
35 N 1128
36 C 1052
36 G 962
36 T 2000
36 N 1226
37 A 4529
37 G 234
37 T 1220
37 N 1190
38 C 1209
38 G 1822
38 T 367
38 N 837
39 A 1447
39 C 904
39 T 702
39 N 760
40 A 2186
40 G 1186
40 T 1489
40 N 739
41 A 792
41 C 1723
41 G 293
41 N 660
42 C 130
42 G 1027
42 T 1192
42 N 719
43 C 161
43 G 756
43 T 1074
43 N 692
44 A 1069
44 C 1121
44 G 194
44 N 1193
45 A 415
45 C 1306
45 G 661
45 N 2839
46 A 3486
46 G 578
46 T 1644
46 N 1319
47 C 847
47 G 1813
47 T 670
47 N 2005
48 A 1145
48 C 165
48 T 884
48 N 574
49 C 146
49 G 1205
49 T 617
49 N 957
50 C 4130
50 G 1235
50 T 803
50 N 4555
51 A 548
51 C 1883
51 G 68
51 N 1681
0 -52 597
0 -50 307
0 -49 278
0 -48 325
0 -47 302
0 -46 589
0 -45 9
0 -44 12
0 -43 304
0 -42 455
0 -41 10
0 -40 263
0 -39 270
0 -38 228
0 -37 273
0 -36 414
0 -35 15
0 -34 253
0 -33 281
0 -32 415
0 -31 489
0 -30 825
0 -29 33
0 -28 61
0 -27 597
0 -26 798
0 -25 2440
0 -24 130
0 -23 1083
0 -22 1328
0 -21 1550
0 -20 1802
0 -19 2077
0 -18 2760
0 -17 2820
0 -16 3559
0 -15 8838
0 -14 741
0 -13 4956
0 -12 4797
0 -11 4483
0 -10 8956
0 -9 568
0 -8 2628
0 -7 5635
0 -6 372
0 -5 1249
0 -4 1335
0 -3 1703
0 -2 2907
0 -1 16062
0 1 188
0 2 3
0 3 2
0 5 2
0 7 1
0 8 1
0 16 1
1 -51 583
1 -50 315
1 -49 286
1 -48 253
1 -47 6
1 -46 258
1 -45 773
1 -44 498
1 -43 222
1 -42 238
1 -41 469
1 -40 243
1 -39 225
1 -38 9
1 -37 180
1 -36 230
1 -35 469
1 -34 258
1 -33 254
1 -32 25
1 -31 329
1 -30 415
1 -29 55
1 -28 880
1 -27 430
1 -26 566
1 -25 664
1 -24 47
1 -23 877
1 -22 69
1 -21 1262
1 -20 130
1 -19 1710
1 -18 1927
1 -17 2142
1 -16 195
1 -15 426
1 -14 6612
1 -13 2798
1 -12 404
1 -11 2661
1 -10 155
1 -9 190
1 -8 1466
1 -7 108
1 -6 170
1 -5 1441
1 -4 831
1 -3 133
1 -2 1353
1 -1 185
1 1 2734
1 2 16
1 4 2
1 5 1
2 -50 455
2 -49 456
2 -48 402
2 -47 377
2 -46 14
2 -45 319
2 -44 363
2 -43 316
2 -42 261
2 -41 304
2 -40 277
2 -39 294
2 -38 437
2 -37 14
2 -36 221
2 -35 247
2 -34 244
2 -33 317
2 -32 635
2 -31 31
2 -30 461
2 -29 1642
2 -28 50
2 -27 547
2 -26 569
2 -25 730
2 -24 2591
2 -23 137
2 -22 2148
2 -21 203
2 -20 2857
2 -19 228
2 -18 2187
2 -17 2283
2 -16 4930
2 -15 286
2 -14 429
2 -13 3518
2 -12 5624
2 -11 739
2 -10 4699
2 -9 352
2 -8 463
2 -7 2938
2 -6 279
2 -5 447
2 -4 2843
2 -3 3344
2 -2 1587
2 -1 15564
2 1 9
2 3 3
3 -49 409
3 -48 397
3 -47 3
3 -46 11
3 -45 368
3 -44 6
3 -43 277
3 -42 275
3 -41 157
3 -40 9
3 -39 18
3 -38 246
3 -37 436
3 -36 205
3 -35 14
3 -34 223
3 -33 23
3 -32 268
3 -31 25
3 -30 362
3 -29 477
3 -28 31
3 -27 496
3 -26 564
3 -25 580
3 -24 803
3 -23 1843
3 -22 1159
3 -21 2470
3 -20 1515
3 -19 217
3 -18 2021
3 -17 323
3 -16 677
3 -15 8558
3 -14 5737
3 -13 3281
3 -12 845
3 -11 5589
3 -10 3271
3 -9 8502
3 -8 4100
3 -7 2445
3 -6 6050
3 -5 3184
3 -4 1953
3 -3 3564
3 -2 6992
3 -1 8809
3 1 1803
3 2 15
3 4 1
3 7 1
4 -48 354
4 -47 204
4 -46 1013
4 -45 277
4 -44 6
4 -43 257
4 -42 274
4 -41 77
4 -40 391
4 -39 462
4 -38 196
4 -37 106
4 -36 175
4 -35 10
4 -34 188
4 -33 490
4 -32 184
4 -31 685
4 -30 363
4 -29 50
4 -28 1315
4 -27 485
4 -26 30
4 -25 539
4 -24 586
4 -23 865
4 -22 1120
4 -21 91
4 -20 1391
4 -19 153
4 -18 1971
4 -17 334
4 -16 4735
4 -15 2395
4 -14 2999
4 -13 245
4 -12 389
4 -11 3131
4 -10 2432
4 -9 424
4 -8 1921
4 -7 179
4 -6 207
4 -5 1296
4 -4 149
4 -3 394
4 -2 3449
4 -1 8914
4 1 622
4 2 9
5 -47 287
5 -46 296
5 -45 307
5 -44 781
5 -43 315
5 -42 251
5 -41 7
5 -40 222
5 -39 234
5 -38 242
5 -37 202
5 -36 162
5 -35 18
5 -34 163
5 -33 232
5 -32 22
5 -31 321
5 -30 349
5 -29 735
5 -28 375
5 -27 50
5 -26 1009
5 -25 668
5 -24 779
5 -23 843
5 -22 89
5 -21 189
5 -20 1807
5 -19 6644
5 -18 2706
5 -17 7087
5 -16 3487
5 -15 3617
5 -14 3455
5 -13 922
5 -12 10116
5 -11 3735
5 -10 3598
5 -9 4553
5 -8 2327
5 -7 559
5 -6 3164
5 -5 2115
5 -4 3306
5 -3 4244
5 -2 4784
5 -1 11199
5 1 1009
5 2 13
5 3 5
5 6 1
6 -46 316
6 -45 1
6 -44 150
6 -43 209
6 -42 202
6 -41 282
6 -40 295
6 -39 2
6 -38 2
6 -37 100
6 -36 86
6 -35 12
6 -34 131
6 -33 127
6 -32 261
6 -31 321
6 -30 217
6 -29 13
6 -28 203
6 -27 736
6 -26 686
6 -25 499
6 -24 761
6 -23 45
6 -22 193
6 -21 3949
6 -20 2130
6 -19 2205
6 -18 221
6 -17 3198
6 -16 2748
6 -15 4059
6 -14 3062
6 -13 7312
6 -12 4373
6 -11 3762
6 -10 3367
6 -9 2095
6 -8 509
6 -7 4500
6 -6 1451
6 -5 757
6 -4 712
6 -3 245
6 -2 1889
6 -1 7241
6 1 1743
6 2 11
7 -45 460
7 -44 226
7 -43 190
7 -42 162
7 -41 3
7 -40 154
7 -39 391
7 -38 279
7 -37 112
7 -36 82
7 -35 426
7 -34 79
7 -33 117
7 -32 9
7 -31 201
7 -30 283
7 -29 692
7 -28 349
7 -27 272
7 -26 25
7 -25 596
7 -24 629
7 -23 102
7 -22 2538
7 -21 874
7 -20 1159
7 -19 1441
7 -18 109
7 -17 2024
7 -16 136
7 -15 2515
7 -14 192
7 -13 2457
7 -12 1595
7 -11 2197
7 -10 130
7 -9 265
7 -8 2763
7 -7 811
7 -6 176
7 -5 570
7 -4 46
7 -3 71
7 -2 826
7 -1 129
7 1 1434
7 2 11
8 -44 247
8 -43 217
8 -42 205
8 -41 423
8 -40 1
8 -39 172
8 -38 183
8 -37 139
8 -36 72
8 -35 86
8 -34 87
8 -33 123
8 -32 273
8 -31 5
8 -30 258
8 -29 304
8 -28 388
8 -27 393
8 -26 897
8 -25 46
8 -24 735
8 -23 2271
8 -22 62
8 -21 1110
8 -20 1092
8 -19 1536
8 -18 6001
8 -17 293
8 -16 4864
8 -15 376
8 -14 5417
8 -13 396
8 -12 3381
8 -11 3338
8 -10 4391
8 -9 237
8 -8 318
8 -7 1743
8 -6 1965
8 -5 292
8 -4 1672
8 -3 209
8 -2 988
8 -1 12358
8 1 4
8 2 7
8 3 1
8 5 2
9 -43 313
9 -42 2
9 -41 198
9 -40 443
9 -39 215
9 -38 196
9 -37 197
9 -36 2
9 -35 9
9 -34 128
9 -33 165
9 -32 10
9 -31 344
9 -30 289
9 -29 363
9 -28 419
9 -27 490
9 -26 50
9 -25 1231
9 -24 729
9 -23 877
9 -22 1804
9 -21 1110
9 -20 93
9 -19 164
9 -18 2411
9 -17 4960
9 -16 3279
9 -15 425
9 -14 4260
9 -13 7428
9 -12 4575
9 -11 4743
9 -10 3990
9 -9 7017
9 -8 4360
9 -7 2292
9 -6 1877
9 -5 358
9 -4 2593
9 -3 4807
9 -2 5057
9 -1 7580
9 1 1877
9 2 14
9 3 1
9 6 1
9 7 1
10 -42 350
10 -41 166
10 -40 221
10 -39 162
10 -38 1
10 -37 174
10 -36 277
10 -35 208
10 -34 117
10 -33 92
10 -32 287
10 -31 178
10 -30 199
10 -29 17
10 -28 355
10 -27 407
10 -26 1084
10 -25 618
10 -24 679
10 -23 31
10 -22 675
10 -21 990
10 -20 116
10 -19 3153
10 -18 1559
10 -17 2128
10 -16 2528
10 -15 162
10 -14 3064
10 -13 186
10 -12 2920
10 -11 232
10 -10 2256
10 -9 1812
10 -8 1293
10 -7 99
10 -6 269
10 -5 3215
10 -4 612
10 -3 189
10 -2 907
10 -1 149
10 1 1273
10 2 9
11 -41 284
11 -40 139
11 -39 263
11 -38 433
11 -37 4
11 -36 194
11 -35 213
11 -34 121
11 -33 137
11 -32 177
11 -31 236
11 -30 231
11 -29 595
11 -28 17
11 -27 407
11 -26 531
11 -25 727
11 -24 772
11 -23 1588
11 -22 75
11 -21 1207
11 -20 3855
11 -19 122
11 -18 1891
11 -17 2448
11 -16 3301
11 -15 12122
11 -14 500
11 -13 6764
11 -12 594
11 -11 6753
11 -10 446
11 -9 3374
11 -8 2792
11 -7 3369
11 -6 175
11 -5 269
11 -4 2115
11 -3 2642
11 -2 1160
11 -1 13377
11 1 11
11 2 1
11 5 1
12 -40 382
12 -39 122
12 -38 108
12 -37 390
12 -36 181
12 -35 177
12 -34 7
12 -33 128
12 -32 145
12 -31 181
12 -30 242
12 -29 237
12 -28 17
12 -27 345
12 -26 453
12 -25 46
12 -24 803
12 -23 796
12 -22 1767
12 -21 1059
12 -20 146
12 -19 2899
12 -18 1959
12 -17 2790
12 -16 3279
12 -15 268
12 -14 481
12 -13 4615
12 -12 9056
12 -11 5173
12 -10 7697
12 -9 3746
12 -8 2908
12 -7 2467
12 -6 462
12 -5 3841
12 -4 2071
12 -3 2514
12 -2 5387
12 -1 9631
12 1 1560
12 2 10
12 3 5
12 4 3
12 5 1
13 -39 135
13 -38 176
13 -37 168
13 -36 129
13 -35 5
13 -34 333
13 -33 146
13 -32 202
13 -31 202
13 -30 197
13 -29 240
13 -28 837
13 -27 301
13 -26 33
13 -25 1077
13 -24 625
13 -23 631
13 -22 767
13 -21 851
13 -20 68
13 -19 1285
13 -18 1542
13 -17 127
13 -16 2232
13 -15 6300
13 -14 9807
13 -13 2611
13 -12 225
13 -11 2393
13 -10 214
13 -9 1689
13 -8 253
13 -7 1464
13 -6 5552
13 -5 726
13 -4 81
13 -3 151
13 -2 1625
13 -1 5651
13 1 1488
13 2 8
13 4 2
14 -38 212
14 -37 1
14 -36 183
14 -35 310
14 -34 184
14 -33 219
14 -32 310
14 -31 13
14 -30 11
14 -29 258
14 -28 330
14 -27 26
14 -26 896
14 -25 565
14 -24 634
14 -23 748
14 -22 973
14 -21 137
14 -20 3247
14 -19 1383
14 -18 2009
14 -17 5030
14 -16 2736
14 -15 180
14 -14 382
14 -13 4360
14 -12 7780
14 -11 4530
14 -10 455
14 -9 4085
14 -8 4899
14 -7 3103
14 -6 2642
14 -5 2400
14 -4 2948
14 -3 3456
14 -2 3128
14 -1 9033
14 1 1112
14 2 9
14 3 1
14 4 1
14 6 1
15 -37 195
15 -36 141
15 -33 222
15 -32 6
15 -31 335
15 -30 339
15 -29 282
15 -28 7
15 -27 10
15 -26 429
15 -25 376
15 -24 508
15 -23 36
15 -22 691
15 -21 57
15 -20 1115
15 -19 85
15 -18 1782
15 -17 2144
15 -16 294
15 -15 6659
15 -14 7024
15 -13 3355
15 -12 3585
15 -11 3395
15 -10 8747
15 -9 2603
15 -8 1769
15 -7 123
15 -6 1071
15 -5 67
15 -4 106
15 -3 753
15 -2 1201
15 -1 5199
15 1 1379
15 2 7
16 -36 99
16 -35 373
16 -34 300
16 -33 187
16 -32 1
16 -31 229
16 -30 165
16 -29 297
16 -28 654
16 -27 1001
16 -26 397
16 -25 498
16 -24 475
16 -23 27
16 -22 705
16 -21 2642
16 -20 1252
16 -19 2728
16 -18 1423
16 -17 205
16 -16 5469
16 -15 3091
16 -14 219
16 -13 3461
16 -12 3521
16 -11 3711
16 -10 3339
16 -9 209
16 -8 2526
16 -7 174
16 -6 1851
16 -5 166
16 -4 1932
16 -3 1389
16 -2 1653
16 -1 136
16 1 434
16 2 5
16 3 2
17 -35 154
17 -34 143
17 -33 206
17 -32 722
17 -31 7
17 -30 253
17 -29 305
17 -28 269
17 -27 325
17 -26 393
17 -25 438
17 -24 495
17 -23 1814
17 -22 73
17 -21 869
17 -20 1102
17 -19 1310
17 -18 1752
17 -17 3904
17 -16 341
17 -15 3366
17 -14 6701
17 -13 536
17 -12 4101
17 -11 3998
17 -10 4250
17 -9 6746
17 -8 744
17 -7 6430
17 -6 541
17 -5 4305
17 -4 429
17 -3 2854
17 -2 6170
17 -1 36054
17 1 9
17 3 2
18 -34 623
18 -33 215
18 -32 278
18 -31 492
18 -30 345
18 -29 337
18 -28 10
18 -27 396
18 -26 456
18 -25 528
18 -24 608
18 -23 666
18 -22 54
18 -21 951
18 -20 1217
18 -19 107
18 -18 1770
18 -17 2391
18 -16 4595
18 -15 2901
18 -14 454
18 -13 7360
18 -12 4202
18 -11 4077
18 -10 3723
18 -9 210
18 -8 391
18 -7 2898
18 -6 4845
18 -5 2534
18 -4 4156
18 -3 2642
18 -2 3654
18 -1 10474
18 1 1535
18 2 3
18 9 2
19 -33 236
19 -32 314
19 -31 2
19 -30 5
19 -29 402
19 -28 3
19 -27 415
19 -26 528
19 -25 502
19 -24 12
19 -23 60
19 -22 2272
19 -21 863
19 -20 1093
19 -19 60
19 -18 1481
19 -17 107
19 -16 2597
19 -15 249
19 -14 6373
19 -13 2995
19 -12 210
19 -11 2852
19 -10 2487
19 -9 5637
19 -8 7392
19 -7 1436
19 -6 1173
19 -5 927
19 -4 874
19 -3 87
19 -2 1336
19 -1 109
19 1 1142
19 2 9
19 3 1
20 -32 212
20 -31 728
20 -30 2
20 -29 8
20 -28 1055
20 -27 16
20 -26 434
20 -25 678
20 -24 1163
20 -23 31
20 -22 51
20 -21 971
20 -20 1112
20 -19 3936
20 -18 183
20 -17 4868
20 -16 290
20 -15 6279
20 -14 371
20 -13 3879
20 -12 6968
20 -11 461
20 -10 3626
20 -9 3530
20 -8 3010
20 -7 2365
20 -6 2058
20 -5 1853
20 -4 1781
20 -3 2950
20 -2 2669
20 -1 31214
20 1 4
20 2 4
20 3 1
20 4 2
21 -31 238
21 -30 810
21 -29 419
21 -28 181
21 -27 7
21 -26 277
21 -25 510
21 -24 552
21 -23 1833
21 -22 1357
21 -21 581
21 -20 919
21 -19 1013
21 -18 97
21 -17 1946
21 -16 6137
21 -15 3385
21 -14 6432
21 -13 3040
21 -12 455
21 -11 7014
21 -10 2977
21 -9 332
21 -8 2646
21 -7 2049
21 -6 1886
21 -5 1507
21 -4 251
21 -3 1816
21 -2 2471
21 -1 27435
21 1 1020
21 2 7
21 3 1
21 4 1
22 -30 334
22 -29 274
22 -28 2
22 -27 8
22 -26 482
22 -25 15
22 -24 652
22 -23 590
22 -22 742
22 -21 28
22 -20 57
22 -19 1400
22 -18 4661
22 -17 1998
22 -16 184
22 -15 3677
22 -14 244
22 -13 3785
22 -12 323
22 -11 3976
22 -10 4056
22 -9 354
22 -8 3543
22 -7 3050
22 -6 2663
22 -5 2490
22 -4 3767
22 -3 2707
22 -2 7012
22 -1 10547
22 1 600
22 2 2
22 10 1
23 -29 277
23 -28 633
23 -27 1296
23 -26 359
23 -25 9
23 -24 478
23 -23 634
23 -22 734
23 -21 1608
23 -20 2038
23 -19 1148
23 -18 1336
23 -17 1638
23 -16 145
23 -15 2704
23 -14 7020
23 -13 3430
23 -12 9704
23 -11 2717
23 -10 568
23 -9 8948
23 -8 2165
23 -7 240
23 -6 1547
23 -5 1388
23 -4 1385
23 -3 1411
23 -2 1622
23 -1 20105
23 1 437
23 2 2
23 10 1
24 -28 370
24 -27 3
24 -26 465
24 -25 1351
24 -24 681
24 -23 617
24 -22 932
24 -21 13
24 -20 40
24 -19 1208
24 -18 1743
24 -17 217
24 -16 7193
24 -15 3124
24 -14 3514
24 -13 4102
24 -12 4130
24 -11 407
24 -10 6054
24 -9 3348
24 -8 3401
24 -7 4258
24 -6 2178
24 -5 99
24 -4 189
24 -3 2289
24 -2 4566
24 -1 9710
24 1 681
24 2 4
24 3 2
24 4 1
24 6 3
25 -27 597
25 -26 389
25 -25 460
25 -24 538
25 -23 11
25 -22 705
25 -21 1728
25 -20 1845
25 -19 1031
25 -18 1246
25 -17 3489
25 -16 1746
25 -15 1852
25 -14 88
25 -13 2176
25 -12 2407
25 -11 5306
25 -10 1653
25 -9 1345
25 -8 82
25 -7 887
25 -6 643
25 -5 155
25 -4 2354
25 -3 549
25 -2 918
25 -1 4331
25 1 916
25 2 2
25 3 1
26 -26 1107
26 -25 535
26 -24 764
26 -23 1452
26 -22 915
26 -21 754
26 -20 32
26 -19 1169
26 -18 1408
26 -17 1521
26 -16 2278
26 -15 1973
26 -14 150
26 -13 3160
26 -12 3166
26 -11 192
26 -10 3084
26 -9 2336
26 -8 3262
26 -7 2007
26 -6 263
26 -5 3947
26 -4 1935
26 -3 1900
26 -2 2687
26 -1 155
26 1 609
26 2 4
26 4 1
26 5 1
27 -25 1238
27 -24 936
27 -23 988
27 -22 1101
27 -21 1341
27 -20 2290
27 -19 37
27 -18 1979
27 -17 2125
27 -16 2568
27 -15 3007
27 -14 7533
27 -13 143
27 -12 3066
27 -11 5459
27 -10 139
27 -9 1715
27 -8 1410
27 -7 1000
27 -6 2535
27 -5 105
27 -4 721
27 -3 944
27 -2 1830
27 -1 12651
27 1 11
27 2 4
27 3 1
27 5 2
28 -24 732
28 -23 4
28 -22 674
28 -21 972
28 -20 1081
28 -19 2569
28 -18 1370
28 -17 21
28 -16 37
28 -15 1815
28 -14 2118
28 -13 70
28 -12 2049
28 -11 1667
28 -10 3695
28 -9 1323
28 -8 1047
28 -7 60
28 -6 643
28 -5 1049
28 -4 524
28 -3 867
28 -2 1052
28 -1 91
28 1 2350
28 2 14
28 3 2
28 5 1
28 6 2
28 7 2
29 -23 1383
29 -22 3
29 -21 763
29 -20 888
29 -19 1155
29 -18 1070
29 -17 2799
29 -16 29
29 -15 44
29 -14 1773
29 -13 6113
29 -12 116
29 -11 1748
29 -10 1471
29 -9 1137
29 -8 1080
29 -7 1052
29 -6 76
29 -5 528
29 -4 492
29 -3 666
29 -2 1711
29 -1 13016
29 1 7
30 -22 1424
30 -21 902
30 -20 910
30 -19 991
30 -18 25
30 -17 1372
30 -16 4657
30 -15 3477
30 -14 1906
30 -13 1930
30 -12 3827
30 -11 1728
30 -10 1483
30 -9 83
30 -8 992
30 -7 805
30 -6 1208
30 -5 593
30 -4 523
30 -3 127
30 -2 1337
30 -1 7025
30 1 2636
30 2 11
30 6 2
31 -21 769
31 -20 806
31 -19 9
31 -18 10
31 -17 1583
31 -16 30
31 -15 1779
31 -14 1913
31 -13 2145
31 -12 60
31 -11 129
31 -10 2430
31 -9 3275
31 -8 1898
31 -7 143
31 -6 1575
31 -5 109
31 -4 1608
31 -3 128
31 -2 2507
31 -1 7825
31 1 628
31 2 2
31 3 2
31 5 1
32 -20 1825
32 -19 2521
32 -18 3906
32 -17 1637
32 -16 3729
32 -15 2326
32 -14 93
32 -13 2595
32 -12 5259
32 -11 5478
32 -10 2706
32 -9 2352
32 -8 230
32 -7 3091
32 -6 1534
32 -5 163
32 -4 1420
32 -3 3544
32 -2 2727
32 -1 17834
32 1 483
32 2 6
32 3 1
33 -19 983
33 -18 1081
33 -17 1220
33 -16 1383
33 -15 63
33 -14 3888
33 -13 1627
33 -12 1600
33 -11 1528
33 -10 1411
33 -9 1278
33 -8 2781
33 -7 790
33 -6 168
33 -5 3227
33 -4 609
33 -3 750
33 -2 1287
33 -1 6737
33 1 1342
33 2 9
33 3 1
33 4 2
33 6 1
34 -18 1135
34 -17 1220
34 -16 13
34 -15 34
34 -14 2471
34 -13 52
34 -12 2226
34 -11 2305
34 -10 2346
34 -9 63
34 -8 132
34 -7 2096
34 -6 2340
34 -5 1787
34 -4 94
34 -3 1894
34 -2 411
34 -1 8598
34 1 663
34 2 8
35 -17 1271
35 -16 26
35 -15 5903
35 -14 2066
35 -13 4370
35 -12 2437
35 -11 2606
35 -10 63
35 -9 172
35 -8 4249
35 -7 1661
35 -6 123
35 -5 1349
35 -4 2820
35 -3 1507
35 -2 5075
35 -1 15723
35 1 636
35 2 3
35 3 8
36 -16 5840
36 -15 1825
36 -14 20
36 -13 27
36 -12 2324
36 -11 77
36 -10 4495
36 -9 5947
36 -8 1299
36 -7 39
36 -6 43
36 -5 711
36 -4 701
36 -3 750
36 -2 213
36 -1 4918
36 1 1051
36 2 2
36 3 4
36 4 1
37 -15 4871
37 -14 4432
37 -13 4287
37 -12 2516
37 -11 4784
37 -10 2685
37 -9 121
37 -8 2598
37 -7 2761
37 -6 3792
37 -5 1433
37 -4 1309
37 -3 243
37 -2 3735
37 -1 21317
37 1 492
37 2 11
37 3 1
37 6 1
38 -14 1773
38 -13 1664
38 -12 16
38 -11 25
38 -10 1547
38 -9 43
38 -8 1394
38 -7 867
38 -6 789
38 -5 35
38 -4 73
38 -3 2343
38 -2 1381
38 -1 5537
38 1 1600
38 2 9
38 3 2
38 4 1
38 6 1
39 -13 1733
39 -12 4165
39 -11 3710
39 -10 1897
39 -9 54
39 -8 1927
39 -7 1657
39 -6 1906
39 -5 2216
39 -4 1966
39 -3 1383
39 -2 2949
39 -1 21127
39 1 465
39 2 13
39 3 5
39 4 3
39 5 2
39 7 1
40 -12 4993
40 -11 2656
40 -10 3457
40 -9 8657
40 -8 3155
40 -7 2559
40 -6 68
40 -5 2686
40 -4 2553
40 -3 2302
40 -2 2952
40 -1 8629
40 1 716
40 2 2
40 6 1
41 -11 1561
41 -10 14
41 -9 1652
41 -8 1309
41 -7 1241
41 -6 3900
41 -5 869
41 -4 19
41 -3 76
41 -2 1719
41 -1 7674
41 1 1578
41 2 11
41 3 9
41 4 2
41 7 1
41 8 1
42 -10 4831
42 -9 2321
42 -8 12
42 -7 15
42 -6 1101
42 -5 36
42 -4 1810
42 -3 1851
42 -2 873
42 -1 27
42 1 1246
42 2 6
42 5 1
43 -9 4031
43 -8 5562
43 -7 32
43 -6 37
43 -5 3038
43 -4 73
43 -3 2340
43 -2 3439
43 -1 27983
43 1 1
43 2 3
43 4 1
43 7 1
44 -8 3567
44 -7 35
44 -6 4444
44 -5 2109
44 -4 4169
44 -3 2242
44 -2 2921
44 -1 38
44 1 1073
44 2 4
44 4 1
44 6 1
45 -7 8067
45 -6 14
45 -5 967
45 -4 929
45 -3 1031
45 -2 3165
45 -1 49842
45 1 1
45 2 5
45 3 3
45 5 2
46 -6 5374
46 -5 945
46 -4 881
46 -3 903
46 -2 1295
46 -1 8736
46 1 2197
46 2 9
46 3 2
46 4 1
47 -5 940
47 -4 908
47 -3 12
47 -2 217
47 -1 13161
47 1 1913
47 2 5
48 -4 1593
48 -3 2375
48 -2 3780
48 -1 39787
48 1 784
48 2 12
48 3 3
48 12 1
49 -3 1648
49 -2 1934
49 -1 29
49 1 882
49 3 4
50 -2 1505
50 -1 20237
50 1 1
50 2 1
50 5 1
51 -1 21341
51 1 1154
51 2 6
51 3 1
51 5 1
51 7 1
52 1 2911
52 2 13
52 3 12
52 4 7
52 5 14
52 6 4
52 7 5
52 8 8
52 9 11
52 10 2
52 12 2
52 13 1
52 14 2
