ROI: kras
Phase: 0
Total nodes checked: 111560
Total variants found: 29244
0 A 2
0 C 11
0 G 3
1 A 4
1 C 1
1 T 8
1 N 1
2 A 17
2 C 1
2 T 4
2 N 2
3 G 28
3 T 8
4 A 15
4 C 8
4 T 4
4 N 1
5 A 52
5 G 8
5 T 41
5 N 1
6 C 15
6 G 9
7 A 2
7 C 5
7 T 15
7 N 1
8 A 5
8 T 12
8 N 3
9 A 23
9 C 8
9 G 129
9 N 15
10 A 6
10 C 1
10 T 14
11 A 3
11 C 10
11 T 5
12 A 25
12 G 22
12 T 21
12 N 1
13 A 17
13 C 12
13 T 13
13 N 1
14 A 22
14 C 19
14 G 23
14 N 1
15 C 2
15 G 18
15 T 18
15 N 2
16 A 24
16 C 7
16 T 11
16 N 2
17 A 8
17 C 13
17 T 8
17 N 1
18 A 50
18 G 22
18 T 16
18 N 4
19 C 19
19 G 19
19 T 4
19 N 4
20 C 2
20 G 21
20 T 10
20 N 2
21 A 27
21 T 2
21 N 1
22 C 5
22 G 35
22 T 4
22 N 3
23 A 13
23 C 1
23 T 17
23 N 1
24 A 32
24 C 38
24 G 66
24 N 12
25 A 9
25 C 18
25 T 16
25 N 1
26 A 28
26 G 12
26 T 16
26 N 1
27 A 27
27 G 6
27 T 25
28 A 3
28 C 29
28 G 14
28 N 6
29 A 6
29 C 10
29 G 63
29 N 6
30 A 25
30 C 2
30 T 28
30 N 2
31 C 17
31 G 23
31 T 2
31 N 1
32 A 46
32 G 14
32 T 22
32 N 1
33 A 22
33 C 18
33 T 7
34 C 9
34 G 32
34 T 36
34 N 3
35 A 49
35 C 9
35 G 4
35 N 1
36 C 16
36 G 11
36 T 22
36 N 1
37 A 64
37 G 1
37 T 21
38 C 17
38 G 26
38 T 7
39 A 23
39 C 14
39 T 8
40 A 30
40 G 14
40 T 16
40 N 2
41 A 15
41 C 27
41 G 4
41 N 2
42 C 2
42 G 6
42 T 15
43 G 10
43 T 17
44 A 12
44 C 13
44 N 2
45 A 7
45 C 16
45 G 11
45 N 1
46 A 38
46 G 14
46 T 15
47 C 7
47 G 37
47 T 4
47 N 3
48 A 13
48 C 3
48 T 12
48 N 1
49 C 300
49 G 54
49 T 31
49 N 31
50 C 10
50 G 25
50 T 12
50 N 1
51 A 8
51 C 17
51 G 5
51 N 1
0 -52 4
0 -50 3
0 -49 2
0 -48 4
0 -47 2
0 -46 5
0 -44 1
0 -43 5
0 -42 4
0 -40 1
0 -39 4
0 -38 2
0 -37 3
0 -36 6
0 -35 1
0 -34 1
0 -33 2
0 -32 5
0 -31 6
0 -30 5
0 -27 6
0 -26 7
0 -25 27
0 -24 1
0 -23 14
0 -22 7
0 -21 14
0 -20 14
0 -19 10
0 -18 28
0 -17 19
0 -16 34
0 -15 67
0 -14 7
0 -13 29
0 -12 37
0 -11 41
0 -10 99
0 -9 4
0 -8 36
0 -7 57
0 -6 2
0 -5 13
0 -4 16
0 -3 16
0 -2 24
0 -1 150
1 -51 5
1 -50 5
1 -48 4
1 -46 3
1 -45 4
1 -44 8
1 -43 1
1 -42 1
1 -41 6
1 -40 3
1 -39 1
1 -37 1
1 -35 7
1 -34 2
1 -33 1
1 -32 2
1 -31 4
1 -30 2
1 -28 12
1 -27 1
1 -26 7
1 -25 3
1 -24 1
1 -23 5
1 -21 14
1 -20 2
1 -19 10
1 -18 25
1 -17 22
1 -16 1
1 -14 56
1 -13 23
1 -11 22
1 -10 1
1 -9 1
1 -8 16
1 -6 1
1 -5 12
1 -4 5
1 -2 14
1 -1 1
1 1 23
2 -50 2
2 -49 3
2 -48 3
2 -47 4
2 -45 2
2 -44 2
2 -43 6
2 -42 4
2 -41 5
2 -40 3
2 -39 4
2 -38 8
2 -37 2
2 -36 1
2 -35 1
2 -34 4
2 -33 2
2 -32 6
2 -31 1
2 -30 7
2 -29 20
2 -27 3
2 -26 5
2 -25 10
2 -24 25
2 -23 2
2 -22 20
2 -21 3
2 -20 19
2 -18 15
2 -17 20
2 -16 52
2 -15 1
2 -14 2
2 -13 37
2 -12 65
2 -11 9
2 -10 42
2 -9 5
2 -8 8
2 -7 33
2 -6 2
2 -5 2
2 -4 35
2 -3 39
2 -2 18
2 -1 175
3 -49 3
3 -48 3
3 -45 3
3 -43 4
3 -42 3
3 -41 1
3 -38 1
3 -37 5
3 -36 1
3 -34 2
3 -32 1
3 -30 3
3 -29 5
3 -27 4
3 -26 8
3 -25 5
3 -24 5
3 -23 19
3 -22 8
3 -21 23
3 -20 13
3 -19 1
3 -18 17
3 -16 12
3 -15 88
3 -14 61
3 -13 37
3 -12 10
3 -11 56
3 -10 31
3 -9 80
3 -8 38
3 -7 24
3 -6 64
3 -5 35
3 -4 23
3 -3 36
3 -2 75
3 -1 89
3 1 16
4 -48 3
4 -47 3
4 -46 12
4 -45 3
4 -43 2
4 -42 8
4 -40 4
4 -39 6
4 -38 4
4 -37 2
4 -36 1
4 -35 1
4 -34 2
4 -33 2
4 -32 2
4 -31 3
4 -30 2
4 -28 15
4 -27 3
4 -25 5
4 -24 7
4 -23 6
4 -22 12
4 -21 1
4 -20 15
4 -19 2
4 -18 23
4 -17 3
4 -16 39
4 -15 20
4 -14 33
4 -13 4
4 -12 7
4 -11 26
4 -10 27
4 -9 2
4 -8 22
4 -7 3
4 -6 2
4 -5 18
4 -4 3
4 -3 5
4 -2 33
4 -1 116
4 1 7
5 -47 2
5 -46 2
5 -45 3
5 -44 8
5 -43 1
5 -42 1
5 -40 3
5 -39 2
5 -38 1
5 -37 3
5 -36 5
5 -34 2
5 -33 2
5 -31 6
5 -30 1
5 -29 8
5 -28 3
5 -26 11
5 -25 8
5 -24 6
5 -23 9
5 -22 3
5 -21 2
5 -20 22
5 -19 52
5 -18 22
5 -17 62
5 -16 39
5 -15 25
5 -14 39
5 -13 7
5 -12 105
5 -11 37
5 -10 32
5 -9 50
5 -8 29
5 -7 7
5 -6 41
5 -5 28
5 -4 28
5 -3 48
5 -2 51
5 -1 117
5 1 7
6 -46 3
6 -44 2
6 -43 1
6 -41 5
6 -40 4
6 -37 1
6 -34 2
6 -32 3
6 -31 2
6 -30 3
6 -29 2
6 -28 3
6 -27 8
6 -26 6
6 -25 5
6 -24 5
6 -22 2
6 -21 31
6 -20 18
6 -19 16
6 -18 2
6 -17 25
6 -16 22
6 -15 37
6 -14 22
6 -13 88
6 -12 44
6 -11 40
6 -10 27
6 -9 16
6 -8 4
6 -7 40
6 -6 12
6 -5 10
6 -4 3
6 -3 3
6 -2 17
6 -1 74
6 1 17
7 -45 5
7 -44 2
7 -42 1
7 -40 2
7 -39 5
7 -38 2
7 -35 3
7 -33 2
7 -31 1
7 -30 4
7 -29 6
7 -28 2
7 -27 2
7 -25 9
7 -24 2
7 -22 23
7 -21 6
7 -20 10
7 -19 17
7 -17 18
7 -16 1
7 -15 20
7 -14 3
7 -13 31
7 -12 15
7 -11 14
7 -9 2
7 -8 25
7 -7 8
7 -5 3
7 -3 2
7 -2 9
7 -1 2
7 1 9
8 -44 1
8 -43 2
8 -42 2
8 -41 6
8 -39 2
8 -38 1
8 -37 1
8 -32 3
8 -30 5
8 -29 3
8 -28 5
8 -27 3
8 -26 7
8 -24 5
8 -23 18
8 -21 9
8 -20 6
8 -19 14
8 -18 54
8 -17 2
8 -16 49
8 -15 3
8 -14 49
8 -13 2
8 -12 32
8 -11 41
8 -10 38
8 -9 1
8 -8 6
8 -7 18
8 -6 25
8 -5 2
8 -4 12
8 -3 4
8 -2 9
8 -1 138
9 -43 2
9 -41 3
9 -40 2
9 -39 1
9 -38 2
9 -37 3
9 -32 1
9 -31 1
9 -30 2
9 -29 3
9 -28 6
9 -27 6
9 -25 13
9 -24 11
9 -23 9
9 -22 20
9 -21 8
9 -19 1
9 -18 14
9 -17 53
9 -16 28
9 -15 3
9 -14 41
9 -13 64
9 -12 57
9 -11 48
9 -10 30
9 -9 79
9 -8 39
9 -7 18
9 -6 18
9 -5 5
9 -4 17
9 -3 53
9 -2 45
9 -1 85
9 1 17
10 -42 3
10 -41 1
10 -40 1
10 -39 1
10 -37 4
10 -36 1
10 -35 2
10 -33 1
10 -32 3
10 -31 3
10 -30 3
10 -28 2
10 -27 2
10 -26 9
10 -25 5
10 -24 10
10 -22 9
10 -21 11
10 -20 3
10 -19 29
10 -18 20
10 -17 24
10 -16 19
10 -15 4
10 -14 25
10 -13 2
10 -12 29
10 -11 5
10 -10 28
10 -9 17
10 -8 17
10 -7 1
10 -6 2
10 -5 32
10 -4 7
10 -3 1
10 -2 7
10 -1 3
10 1 12
11 -41 1
11 -39 4
11 -38 7
11 -36 3
11 -35 1
11 -34 1
11 -33 2
11 -32 1
11 -31 2
11 -30 1
11 -29 2
11 -28 1
11 -27 2
11 -26 3
11 -25 10
11 -24 5
11 -23 11
11 -21 9
11 -20 37
11 -19 1
11 -18 17
11 -17 21
11 -16 31
11 -15 117
11 -14 4
11 -13 72
11 -12 5
11 -11 64
11 -10 13
11 -9 25
11 -8 21
11 -7 36
11 -6 2
11 -5 2
11 -4 21
11 -3 25
11 -2 13
11 -1 129
12 -40 2
12 -39 1
12 -38 4
12 -37 5
12 -36 1
12 -31 5
12 -30 3
12 -29 1
12 -27 2
12 -26 6
12 -24 6
12 -23 11
12 -22 18
12 -21 9
12 -20 1
12 -19 26
12 -18 13
12 -17 25
12 -16 24
12 -15 1
12 -14 4
12 -13 50
12 -12 88
12 -11 46
12 -10 71
12 -9 42
12 -8 21
12 -7 23
12 -5 30
12 -4 23
12 -3 29
12 -2 49
12 -1 97
12 1 19
13 -38 1
13 -37 2
13 -34 4
13 -33 1
13 -32 2
13 -31 5
13 -30 4
13 -28 7
13 -27 4
13 -25 9
13 -24 6
13 -23 5
13 -22 5
13 -21 10
13 -19 11
13 -18 17
13 -16 19
13 -15 53
13 -14 88
13 -13 24
13 -12 1
13 -11 19
13 -9 18
13 -8 1
13 -7 13
13 -6 57
13 -5 4
13 -4 1
13 -3 1
13 -2 13
13 -1 66
13 1 19
14 -38 4
14 -36 1
14 -35 4
14 -34 2
14 -33 3
14 -32 4
14 -29 4
14 -28 3
14 -26 5
14 -25 4
14 -24 4
14 -23 6
14 -22 13
14 -21 1
14 -20 34
14 -19 12
14 -18 18
14 -17 31
14 -16 26
14 -14 4
14 -13 44
14 -12 89
14 -11 40
14 -10 1
14 -9 24
14 -8 52
14 -7 28
14 -6 18
14 -5 32
14 -4 35
14 -3 40
14 -2 30
14 -1 91
14 1 10
15 -37 1
15 -36 3
15 -33 1
15 -31 2
15 -30 2
15 -29 4
15 -26 2
15 -25 6
15 -24 7
15 -22 6
15 -20 8
15 -18 20
15 -17 13
15 -15 62
15 -14 73
15 -13 29
15 -12 36
15 -11 40
15 -10 101
15 -9 22
15 -8 12
15 -7 2
15 -6 10
15 -5 1
15 -3 8
15 -2 15
15 -1 47
15 1 19
16 -36 1
16 -35 7
16 -34 2
16 -33 5
16 -31 2
16 -30 3
16 -29 1
16 -28 8
16 -27 4
16 -26 3
16 -25 3
16 -24 4
16 -22 9
16 -21 20
16 -20 10
16 -19 22
16 -18 16
16 -17 1
16 -16 54
16 -15 26
16 -14 2
16 -13 30
16 -12 23
16 -11 37
16 -10 28
16 -9 1
16 -8 24
16 -7 1
16 -6 16
16 -5 1
16 -4 26
16 -3 11
16 -2 12
16 -1 1
17 -34 2
17 -33 2
17 -32 6
17 -28 2
17 -27 4
17 -26 7
17 -25 6
17 -24 3
17 -23 23
17 -22 1
17 -21 4
17 -20 8
17 -19 10
17 -18 21
17 -17 45
17 -16 2
17 -15 27
17 -14 78
17 -13 5
17 -12 40
17 -11 42
17 -10 52
17 -9 77
17 -8 3
17 -7 67
17 -6 6
17 -5 43
17 -4 6
17 -3 21
17 -2 49
17 -1 382
18 -34 5
18 -33 3
18 -32 3
18 -31 11
18 -30 4
18 -29 3
18 -27 1
18 -26 1
18 -25 2
18 -24 5
18 -23 7
18 -21 10
18 -20 14
18 -19 1
18 -18 11
18 -17 19
18 -16 43
18 -15 35
18 -14 6
18 -13 72
18 -12 42
18 -11 42
18 -10 33
18 -9 1
18 -8 4
18 -7 27
18 -6 39
18 -5 25
18 -4 46
18 -3 26
18 -2 37
18 -1 110
18 1 16
19 -33 3
19 -32 3
19 -29 5
19 -27 2
19 -26 8
19 -25 3
19 -22 33
19 -21 8
19 -20 9
19 -18 14
19 -17 1
19 -16 25
19 -15 4
19 -14 51
19 -13 32
19 -12 1
19 -11 27
19 -10 28
19 -9 51
19 -8 58
19 -7 16
19 -6 12
19 -5 13
19 -4 9
19 -3 1
19 -2 9
19 -1 1
19 1 11
20 -31 6
20 -28 15
20 -26 1
20 -25 2
20 -24 12
20 -21 8
20 -20 9
20 -19 47
20 -18 4
20 -17 54
20 -16 1
20 -15 50
20 -14 3
20 -13 43
20 -12 68
20 -11 1
20 -10 49
20 -9 39
20 -8 25
20 -7 16
20 -6 22
20 -5 17
20 -4 20
20 -3 33
20 -2 22
20 -1 319
21 -31 3
21 -30 5
21 -29 1
21 -28 3
21 -26 4
21 -25 5
21 -24 1
21 -23 14
21 -22 15
21 -21 4
21 -20 8
21 -19 8
21 -17 20
21 -16 53
21 -15 27
21 -14 64
21 -13 33
21 -12 4
21 -11 103
21 -10 30
21 -9 4
21 -8 28
21 -7 30
21 -6 23
21 -5 15
21 -3 16
21 -2 26
21 -1 287
21 1 16
21 2 1
22 -30 3
22 -29 3
22 -26 5
22 -24 6
22 -23 5
22 -22 6
22 -20 1
22 -19 16
22 -18 42
22 -17 18
22 -16 2
22 -15 34
22 -14 3
22 -13 46
22 -12 2
22 -11 40
22 -10 39
22 -9 5
22 -8 33
22 -7 22
22 -6 24
22 -5 34
22 -4 46
22 -3 25
22 -2 63
22 -1 102
22 1 6
23 -29 3
23 -28 7
23 -27 14
23 -26 3
23 -24 3
23 -23 6
23 -22 14
23 -21 13
23 -20 8
23 -19 8
23 -18 13
23 -17 6
23 -16 1
23 -15 16
23 -14 65
23 -13 31
23 -12 95
23 -11 28
23 -10 4
23 -9 97
23 -8 13
23 -7 1
23 -6 23
23 -5 19
23 -4 10
23 -3 24
23 -2 27
23 -1 219
23 1 6
24 -28 3
24 -26 3
24 -25 10
24 -24 4
24 -23 4
24 -22 12
24 -20 1
24 -19 8
24 -18 22
24 -17 2
24 -16 64
24 -15 28
24 -14 29
24 -13 44
24 -12 41
24 -11 6
24 -10 59
24 -9 36
24 -8 40
24 -7 28
24 -6 23
24 -5 3
24 -4 3
24 -3 31
24 -2 49
24 -1 97
24 1 6
25 -27 3
25 -26 4
25 -25 4
25 -24 7
25 -22 7
25 -21 15
25 -20 19
25 -19 5
25 -18 8
25 -17 41
25 -16 17
25 -15 23
25 -13 29
25 -12 15
25 -11 40
25 -10 14
25 -9 11
25 -8 1
25 -7 7
25 -6 9
25 -4 29
25 -3 2
25 -2 10
25 -1 35
25 1 11
26 -26 11
26 -25 3
26 -24 6
26 -23 11
26 -22 5
26 -21 11
26 -20 1
26 -19 10
26 -18 11
26 -17 16
26 -16 21
26 -15 17
26 -13 30
26 -12 29
26 -11 2
26 -10 29
26 -9 20
26 -8 32
26 -7 16
26 -6 5
26 -5 42
26 -4 12
26 -3 25
26 -2 31
26 -1 3
26 1 9
27 -25 12
27 -24 11
27 -23 10
27 -22 16
27 -21 13
27 -20 19
27 -18 17
27 -17 25
27 -16 26
27 -15 33
27 -14 95
27 -13 2
27 -12 28
27 -11 51
27 -10 2
27 -9 17
27 -8 13
27 -7 17
27 -6 17
27 -4 8
27 -3 7
27 -2 21
27 -1 124
28 -24 7
28 -22 3
28 -21 5
28 -20 10
28 -19 18
28 -18 12
28 -15 16
28 -14 21
28 -13 1
28 -12 23
28 -11 12
28 -10 36
28 -9 7
28 -8 8
28 -7 2
28 -6 10
28 -5 9
28 -4 4
28 -3 13
28 -2 8
28 1 22
29 -23 14
29 -21 9
29 -20 9
29 -19 13
29 -18 5
29 -17 24
29 -14 27
29 -13 55
29 -12 2
29 -11 17
29 -10 18
29 -9 12
29 -8 8
29 -7 9
29 -6 2
29 -5 8
29 -4 3
29 -3 10
29 -2 21
29 -1 128
30 -22 10
30 -21 10
30 -20 9
30 -19 6
30 -17 15
30 -16 36
30 -15 29
30 -14 13
30 -13 20
30 -12 38
30 -11 12
30 -10 16
30 -9 1
30 -8 8
30 -7 6
30 -6 16
30 -5 5
30 -4 7
30 -3 1
30 -2 13
30 -1 77
30 1 26
30 2 1
31 -21 11
31 -20 7
31 -17 11
31 -15 14
31 -14 24
31 -13 22
31 -11 2
31 -10 17
31 -9 39
31 -8 15
31 -6 20
31 -4 15
31 -3 1
31 -2 33
31 -1 88
31 1 5
32 -20 17
32 -19 17
32 -18 45
32 -17 13
32 -16 30
32 -15 24
32 -14 1
32 -13 33
32 -12 54
32 -11 64
32 -10 27
32 -9 20
32 -8 2
32 -7 25
32 -6 15
32 -5 3
32 -4 12
32 -3 26
32 -2 28
32 -1 195
32 1 2
33 -19 9
33 -18 6
33 -17 17
33 -16 13
33 -14 42
33 -13 15
33 -12 14
33 -11 19
33 -10 12
33 -9 9
33 -8 23
33 -7 7
33 -5 31
33 -4 9
33 -3 8
33 -2 11
33 -1 84
33 1 14
34 -18 14
34 -17 5
34 -14 27
34 -12 18
34 -11 20
34 -10 17
34 -8 1
34 -7 17
34 -6 28
34 -5 24
34 -3 10
34 -2 6
34 -1 97
34 1 3
35 -17 16
35 -15 51
35 -14 20
35 -13 32
35 -12 20
35 -11 23
35 -10 1
35 -9 2
35 -8 52
35 -7 8
35 -5 15
35 -4 35
35 -3 13
35 -2 66
35 -1 143
35 1 5
36 -16 55
36 -15 11
36 -12 24
36 -11 2
36 -10 40
36 -9 40
36 -8 10
36 -5 10
36 -4 9
36 -3 8
36 -2 4
36 -1 55
36 1 16
37 -15 42
37 -14 42
37 -13 30
37 -12 17
37 -11 52
37 -10 26
37 -9 2
37 -8 32
37 -7 29
37 -6 37
37 -5 13
37 -4 14
37 -3 3
37 -2 41
37 -1 209
37 1 3
38 -14 19
38 -13 13
38 -10 25
38 -8 14
38 -7 7
38 -6 8
38 -5 1
38 -4 1
38 -3 22
38 -2 12
38 -1 68
38 1 18
39 -13 14
39 -12 45
39 -11 34
39 -10 17
39 -9 1
39 -8 19
39 -7 15
39 -6 16
39 -5 22
39 -4 26
39 -3 17
39 -2 34
39 -1 196
39 1 4
40 -12 44
40 -11 28
40 -10 28
40 -9 91
40 -8 22
40 -7 34
40 -6 1
40 -5 23
40 -4 29
40 -3 39
40 -2 29
40 -1 69
40 1 13
41 -11 17
41 -9 19
41 -8 12
41 -7 12
41 -6 40
41 -5 10
41 -4 1
41 -3 1
41 -2 18
41 -1 89
41 1 22
42 -10 42
42 -9 20
42 -6 16
42 -4 19
42 -3 22
42 -2 6
42 1 14
43 -9 39
43 -8 55
43 -6 1
43 -5 32
43 -3 27
43 -2 29
43 -1 284
44 -8 31
44 -7 1
44 -6 48
44 -5 15
44 -4 37
44 -3 22
44 -2 46
44 1 9
45 -7 83
45 -5 10
45 -4 9
45 -3 10
45 -2 36
45 -1 534
46 -6 62
46 -5 5
46 -4 8
46 -3 8
46 -2 16
46 -1 100
46 1 21
47 -5 9
47 -4 10
47 -1 130
47 1 22
48 -4 16
48 -3 33
48 -2 44
48 -1 418
48 1 6
49 -3 16
49 -2 29
49 -1 2
49 1 10
50 -2 22
50 -1 224
51 -1 216
51 1 11
52 1 39
52 2 1
