ROI: kras
Phase: 4
Total nodes checked: 61874
Total variants found: 17189
0 A 6
0 C 11
0 G 170
0 N 469
1 A 10
1 C 4
1 T 12
1 N 30
2 A 4
2 T 12
2 N 49
3 C 3
3 G 30
3 T 4
3 N 56
4 A 7
4 C 3
4 T 2
4 N 6
5 A 20
5 G 10
5 T 17
5 N 47
6 A 4
6 C 8
6 G 24
6 N 39
7 A 3
7 C 2
7 T 9
7 N 28
8 A 4
8 T 6
8 N 17
9 A 38
9 C 13
9 G 440
9 N 1435
10 A 18
10 C 5
10 T 109
10 N 433
11 A 2
11 C 5
11 T 3
11 N 14
12 A 40
12 G 34
12 T 15
12 N 60
13 A 12
13 C 7
13 T 11
13 N 23
14 A 7
14 C 3
14 G 10
14 N 46
15 G 11
15 T 10
15 N 13
16 A 8
16 C 1
16 T 5
16 N 51
17 A 4
17 C 8
17 T 3
17 N 20
18 A 85
18 G 10
18 T 10
18 N 52
19 C 9
19 G 3
19 T 1
19 N 41
20 G 9
20 T 3
20 N 39
21 A 18
21 C 2
21 T 5
21 N 15
22 G 29
22 T 5
22 N 47
23 A 9
23 T 12
23 N 9
24 A 1
24 C 8
24 G 30
24 N 449
25 A 3
25 C 11
25 T 9
25 N 17
26 A 13
26 G 11
26 T 7
26 N 33
27 A 11
27 G 2
27 T 19
27 N 33
28 A 15
28 C 14
28 G 239
28 N 1180
29 A 2
29 C 12
29 G 14
29 N 74
30 A 19
30 C 2
30 T 18
30 N 66
31 C 9
31 G 11
31 T 2
31 N 30
32 A 24
32 G 9
32 T 14
32 N 25
33 A 9
33 C 7
33 T 5
33 N 22
34 C 1
34 G 12
34 T 6
34 N 20
35 A 19
35 C 8
35 G 67
35 N 352
36 C 11
36 G 32
36 T 14
36 N 123
37 A 31
37 G 2
37 T 10
37 N 19
38 C 9
38 G 14
38 T 8
38 N 38
39 A 15
39 C 7
39 T 9
39 N 15
40 A 16
40 G 8
40 T 16
40 N 29
41 A 8
41 C 11
41 G 3
41 N 31
42 C 1
42 G 8
42 T 9
42 N 39
43 C 1
43 G 3
43 T 25
43 N 72
44 A 12
44 C 8
44 G 1
44 N 41
45 C 8
45 N 17
46 A 27
46 T 11
46 N 67
47 C 39
47 G 8
47 T 2
47 N 188
48 A 23
48 C 1
48 T 5
48 N 31
49 C 3
49 G 6
49 T 7
49 N 42
50 G 5
50 T 4
50 N 34
51 A 7
51 C 64
51 N 149
0 -47 1
0 -42 1
0 -39 1
0 -30 1
0 -27 1
0 -26 1
0 -25 1
0 -23 1
0 -22 2
0 -20 4
0 -19 1
0 -18 2
0 -17 6
0 -16 4
0 -15 16
0 -13 4
0 -12 5
0 -11 9
0 -10 14
0 -9 1
0 -8 4
0 -7 8
0 -5 3
0 -4 8
0 -3 6
0 -2 22
0 -1 106
1 -51 2
1 -50 1
1 -49 1
1 -34 1
1 -26 1
1 -25 1
1 -23 1
1 -21 2
1 -20 1
1 -19 5
1 -18 2
1 -17 1
1 -14 5
1 -13 3
1 -11 1
1 -9 1
1 -6 1
1 -5 7
1 -4 1
1 -2 7
1 -1 2
1 1 19
2 -50 3
2 -40 2
2 -38 1
2 -33 1
2 -30 1
2 -29 2
2 -26 1
2 -25 1
2 -24 4
2 -22 1
2 -20 3
2 -18 3
2 -17 3
2 -16 4
2 -14 3
2 -13 5
2 -12 4
2 -10 8
2 -8 2
2 -7 2
2 -5 2
2 -4 5
2 -3 13
2 -2 21
2 -1 113
3 -49 2
3 -46 1
3 -45 1
3 -30 1
3 -23 2
3 -21 3
3 -20 2
3 -18 1
3 -15 9
3 -14 6
3 -13 3
3 -12 2
3 -11 2
3 -10 4
3 -9 10
3 -8 5
3 -7 1
3 -6 10
3 -5 4
3 -4 4
3 -3 10
3 -2 20
3 -1 51
3 1 13
4 -43 1
4 -39 1
4 -38 1
4 -33 1
4 -28 1
4 -23 1
4 -22 1
4 -20 1
4 -18 3
4 -16 3
4 -15 1
4 -14 1
4 -13 1
4 -11 2
4 -10 6
4 -5 7
4 -4 4
4 -3 5
4 -2 34
4 -1 89
4 1 4
5 -47 1
5 -40 1
5 -30 1
5 -29 1
5 -26 1
5 -25 1
5 -24 2
5 -23 1
5 -22 1
5 -20 4
5 -19 3
5 -18 4
5 -17 5
5 -16 2
5 -15 10
5 -14 5
5 -13 2
5 -12 9
5 -11 2
5 -10 3
5 -9 10
5 -8 2
5 -6 4
5 -5 2
5 -4 9
5 -3 17
5 -2 19
5 -1 68
5 1 1
6 -46 2
6 -43 1
6 -30 3
6 -29 1
6 -27 2
6 -24 1
6 -22 1
6 -21 5
6 -20 1
6 -19 1
6 -17 4
6 -16 4
6 -15 8
6 -14 2
6 -13 10
6 -12 6
6 -11 6
6 -10 3
6 -9 2
6 -8 1
6 -7 5
6 -6 2
6 -5 2
6 -4 6
6 -3 3
6 -2 7
6 -1 32
6 1 11
7 -38 1
7 -35 2
7 -31 1
7 -29 1
7 -27 1
7 -24 2
7 -23 1
7 -22 1
7 -19 3
7 -17 2
7 -15 1
7 -13 5
7 -12 1
7 -11 5
7 -10 1
7 -8 5
7 -5 2
7 -2 3
7 -1 1
7 1 6
7 2 1
8 -41 1
8 -39 1
8 -38 1
8 -29 1
8 -27 1
8 -26 1
8 -23 1
8 -22 1
8 -21 1
8 -20 1
8 -19 1
8 -18 6
8 -16 9
8 -15 1
8 -14 4
8 -13 1
8 -12 2
8 -11 4
8 -10 4
8 -8 2
8 -7 3
8 -6 5
8 -4 8
8 -2 12
8 -1 78
8 2 1
9 -39 1
9 -37 1
9 -25 2
9 -22 1
9 -21 1
9 -18 1
9 -17 3
9 -16 2
9 -14 4
9 -13 10
9 -12 4
9 -11 5
9 -10 6
9 -9 9
9 -8 6
9 -7 2
9 -6 3
9 -4 4
9 -3 12
9 -2 29
9 -1 119
9 1 12
10 -42 1
10 -40 1
10 -31 1
10 -30 1
10 -28 3
10 -27 1
10 -26 1
10 -24 1
10 -22 1
10 -21 2
10 -19 4
10 -18 3
10 -17 5
10 -16 4
10 -14 1
10 -12 4
10 -10 2
10 -9 1
10 -8 1
10 -7 1
10 -5 7
10 -2 4
10 -1 2
10 1 7
11 -40 1
11 -35 1
11 -26 1
11 -25 1
11 -23 2
11 -20 3
11 -18 2
11 -17 1
11 -16 1
11 -15 6
11 -14 2
11 -13 3
11 -11 2
11 -10 3
11 -9 2
11 -7 3
11 -5 1
11 -4 9
11 -3 11
11 -2 13
11 -1 87
12 -40 1
12 -39 1
12 -24 1
12 -22 2
12 -21 2
12 -19 3
12 -18 3
12 -17 2
12 -16 5
12 -15 1
12 -13 8
12 -12 5
12 -11 9
12 -10 4
12 -9 5
12 -8 2
12 -7 2
12 -6 1
12 -5 2
12 -4 4
12 -3 18
12 -2 28
12 -1 59
12 1 11
13 -34 1
13 -30 1
13 -27 1
13 -25 2
13 -24 1
13 -23 1
13 -19 1
13 -16 2
13 -15 8
13 -14 4
13 -13 1
13 -11 1
13 -9 3
13 -8 2
13 -7 3
13 -6 14
13 -3 2
13 -2 10
13 -1 28
13 1 11
14 -29 1
14 -28 1
14 -26 1
14 -25 2
14 -22 3
14 -20 2
14 -19 2
14 -18 2
14 -17 7
14 -16 3
14 -13 3
14 -12 8
14 -11 3
14 -10 1
14 -9 5
14 -8 7
14 -7 1
14 -6 3
14 -5 4
14 -4 5
14 -3 14
14 -2 19
14 -1 39
14 1 2
15 -33 1
15 -31 1
15 -30 1
15 -26 2
15 -25 2
15 -24 1
15 -22 1
15 -20 1
15 -18 2
15 -17 3
15 -15 7
15 -14 3
15 -13 7
15 -12 5
15 -11 3
15 -10 5
15 -9 1
15 -8 3
15 -7 1
15 -3 4
15 -2 2
15 -1 28
15 1 13
16 -35 1
16 -29 2
16 -28 1
16 -27 7
16 -26 1
16 -22 1
16 -21 2
16 -20 1
16 -19 3
16 -16 3
16 -15 1
16 -13 2
16 -12 4
16 -11 2
16 -10 2
16 -8 1
16 -6 3
16 -5 2
16 -4 4
16 -3 6
16 -2 6
16 1 5
17 -35 1
17 -32 1
17 -31 1
17 -28 1
17 -27 1
17 -23 1
17 -20 1
17 -18 2
17 -17 3
17 -15 5
17 -14 6
17 -12 4
17 -11 2
17 -10 3
17 -9 12
17 -8 1
17 -7 13
17 -6 1
17 -5 9
17 -4 2
17 -3 15
17 -2 46
17 -1 216
18 -25 1
18 -21 1
18 -18 1
18 -17 2
18 -16 6
18 -15 5
18 -13 9
18 -12 4
18 -11 3
18 -10 3
18 -7 3
18 -6 6
18 -5 5
18 -4 14
18 -3 6
18 -2 23
18 -1 73
18 1 8
19 -29 1
19 -26 1
19 -22 5
19 -18 2
19 -16 2
19 -14 6
19 -13 3
19 -12 1
19 -11 1
19 -10 2
19 -9 6
19 -8 10
19 -7 1
19 -6 2
19 -2 3
19 1 14
20 -28 4
20 -24 2
20 -20 2
20 -19 1
20 -17 2
20 -16 1
20 -15 4
20 -13 1
20 -12 9
20 -11 2
20 -10 4
20 -9 4
20 -8 4
20 -7 1
20 -6 6
20 -5 7
20 -4 7
20 -3 24
20 -2 23
20 -1 161
21 -25 1
21 -24 1
21 -23 2
21 -21 1
21 -19 1
21 -17 2
21 -16 3
21 -15 2
21 -14 6
21 -13 2
21 -12 1
21 -11 13
21 -10 8
21 -8 1
21 -7 1
21 -6 4
21 -5 2
21 -4 2
21 -3 1
21 -2 35
21 -1 176
21 1 5
22 -30 1
22 -24 1
22 -23 1
22 -19 1
22 -18 3
22 -17 1
22 -15 4
22 -13 4
22 -12 1
22 -11 2
22 -10 6
22 -9 1
22 -8 4
22 -7 10
22 -6 3
22 -5 6
22 -4 12
22 -3 13
22 -2 34
22 -1 66
22 1 3
23 -28 1
23 -27 1
23 -21 1
23 -20 2
23 -18 1
23 -17 3
23 -15 1
23 -14 5
23 -13 3
23 -12 10
23 -11 2
23 -9 14
23 -8 3
23 -7 1
23 -6 4
23 -5 2
23 -4 5
23 -3 6
23 -2 34
23 -1 115
23 1 1
24 -28 2
24 -25 1
24 -22 2
24 -19 2
24 -18 2
24 -16 5
24 -15 4
24 -14 6
24 -13 7
24 -12 4
24 -10 3
24 -9 4
24 -8 6
24 -7 8
24 -6 4
24 -5 1
24 -4 1
24 -3 6
24 -2 21
24 -1 49
24 1 5
25 -25 1
25 -22 1
25 -21 3
25 -20 2
25 -19 2
25 -17 4
25 -16 2
25 -15 2
25 -12 4
25 -11 4
25 -10 5
25 -9 3
25 -7 2
25 -4 10
25 -3 3
25 -2 8
25 -1 35
25 1 4
26 -26 3
26 -25 1
26 -23 5
26 -22 1
26 -21 1
26 -19 1
26 -18 2
26 -17 2
26 -16 2
26 -15 2
26 -13 3
26 -12 2
26 -10 3
26 -9 3
26 -8 5
26 -7 5
26 -6 2
26 -5 12
26 -4 9
26 -3 6
26 -2 6
26 -1 2
26 1 3
27 -25 2
27 -24 1
27 -23 2
27 -21 2
27 -20 4
27 -18 1
27 -17 1
27 -16 2
27 -15 1
27 -14 11
27 -12 4
27 -11 6
27 -10 1
27 -9 6
27 -8 1
27 -7 1
27 -6 8
27 -4 1
27 -3 4
27 -2 17
27 -1 113
28 -21 1
28 -20 1
28 -19 3
28 -15 3
28 -14 1
28 -12 4
28 -11 1
28 -10 1
28 -9 4
28 -8 1
28 -5 2
28 -3 2
28 -2 5
28 -1 1
28 1 18
28 2 1
29 -23 2
29 -21 3
29 -20 1
29 -18 3
29 -17 1
29 -14 2
29 -13 5
29 -11 1
29 -10 5
29 -9 2
29 -8 3
29 -7 1
29 -4 1
29 -3 4
29 -2 9
29 -1 67
29 1 2
30 -22 1
30 -21 1
30 -17 1
30 -16 6
30 -15 6
30 -13 5
30 -12 6
30 -11 1
30 -10 1
30 -8 2
30 -6 3
30 -5 1
30 -4 2
30 -3 3
30 -2 8
30 -1 40
30 1 21
30 2 1
31 -20 1
31 -17 2
31 -14 1
31 -13 4
31 -12 1
31 -11 1
31 -10 2
31 -9 4
31 -8 1
31 -6 1
31 -5 2
31 -4 5
31 -3 2
31 -2 19
31 -1 66
31 1 4
32 -20 2
32 -19 5
32 -18 8
32 -17 1
32 -16 4
32 -15 4
32 -13 3
32 -12 9
32 -11 8
32 -10 7
32 -9 4
32 -8 1
32 -7 7
32 -6 7
32 -5 1
32 -4 7
32 -3 17
32 -2 33
32 -1 164
32 1 4
33 -19 1
33 -18 1
33 -17 1
33 -16 2
33 -14 3
33 -13 3
33 -12 4
33 -11 2
33 -9 2
33 -8 4
33 -5 7
33 -4 4
33 -3 2
33 -2 6
33 -1 30
33 1 9
34 -17 2
34 -14 4
34 -12 2
34 -11 2
34 -10 3
34 -8 1
34 -7 2
34 -6 7
34 -5 4
34 -4 2
34 -3 6
34 -2 8
34 -1 57
34 1 4
34 2 1
35 -15 6
35 -14 1
35 -13 6
35 -12 5
35 -11 1
35 -8 8
35 -7 7
35 -5 3
35 -4 7
35 -3 8
35 -2 39
35 -1 148
35 1 5
36 -16 3
36 -12 5
36 -10 5
36 -9 7
36 -8 2
36 -5 3
36 -4 2
36 -3 2
36 -2 4
36 -1 41
36 1 11
37 -15 3
37 -14 2
37 -13 2
37 -12 3
37 -11 4
37 -10 2
37 -9 1
37 -8 4
37 -7 2
37 -6 11
37 -5 1
37 -4 5
37 -3 10
37 -2 45
37 -1 236
37 1 2
38 -14 1
38 -13 2
38 -12 1
38 -10 1
38 -8 1
38 -7 2
38 -3 6
38 -2 7
38 -1 35
38 1 7
39 -13 3
39 -12 3
39 -11 4
39 -10 1
39 -8 3
39 -6 1
39 -5 3
39 -4 3
39 -3 6
39 -2 32
39 -1 192
39 1 5
40 -12 6
40 -11 2
40 -10 2
40 -9 10
40 -8 3
40 -7 8
40 -5 4
40 -4 8
40 -3 12
40 -2 21
40 -1 67
40 1 8
41 -11 4
41 -9 1
41 -8 1
41 -7 1
41 -6 7
41 -5 1
41 -2 9
41 -1 33
41 1 14
42 -10 6
42 -6 3
42 -4 3
42 -3 6
42 -2 3
42 -1 1
42 1 12
43 -9 5
43 -8 4
43 -5 5
43 -4 1
43 -3 5
43 -2 32
43 -1 235
44 -8 6
44 -6 5
44 -5 4
44 -4 11
44 -3 8
44 -2 13
44 1 11
45 -7 13
45 -5 1
45 -4 1
45 -3 6
45 -2 28
45 -1 328
46 -6 4
46 -5 1
46 -4 2
46 -3 5
46 -2 5
46 -1 35
46 1 20
47 -4 2
47 -1 61
47 1 9
47 2 1
48 -3 9
48 -2 27
48 -1 313
48 1 3
49 -3 8
49 -2 15
49 1 3
50 -2 14
50 -1 276
51 -1 250
51 1 8
52 1 19
52 9 1
52 26 1
