ROI: kras
Phase: 1
Total nodes checked: 7613
Total variants found: 533
0 N 2
1 N 2
2 N 3
3 N 9
4 N 4
5 N 8
6 N 2
7 N 1
8 N 2
9 N 20
10 N 4
11 N 3
12 N 9
13 N 5
14 N 6
15 N 4
16 N 2
17 N 4
18 N 12
19 N 11
20 N 9
21 N 9
22 N 12
23 N 6
24 N 34
25 N 6
26 N 10
27 N 5
28 N 18
29 N 9
30 N 10
31 N 3
32 N 7
33 N 3
34 N 3
35 N 14
36 N 11
37 N 15
38 N 4
39 N 7
40 N 7
41 N 3
42 N 4
43 N 5
44 N 3
45 N 15
46 N 9
47 N 19
48 N 4
49 N 5
50 N 6
51 N 8
0 -23 1
0 -15 1
0 -12 1
0 -10 1
0 -7 1
0 -1 1
1 -45 1
2 -50 1
2 -22 1
2 -17 1
2 -12 1
3 -21 1
3 -16 2
3 -15 1
3 -14 1
3 -13 2
3 -11 4
3 -9 1
3 -8 1
3 1 1
4 -11 1
4 -9 1
5 -19 1
5 -17 3
5 -14 1
5 -13 1
5 -12 2
5 -3 1
5 -2 1
5 -1 1
6 -15 1
6 -7 2
7 -15 1
7 -13 1
8 -16 2
8 -14 2
8 -7 1
8 -4 1
8 -1 1
10 1 1
11 -20 1
11 -15 1
11 -11 2
11 -4 1
11 -1 1
12 -17 1
12 -8 1
12 -1 1
13 -15 1
13 -7 1
13 -6 1
14 -17 1
14 -13 1
14 -12 3
14 -8 1
14 -7 1
15 -14 3
15 -10 1
15 -8 1
15 -5 1
16 -15 1
17 -14 2
17 -12 1
17 -11 2
17 -7 1
17 -2 2
17 -1 1
18 -18 1
18 -13 2
18 -1 1
19 -14 1
19 -8 1
20 -13 1
20 -12 1
20 -1 2
21 -8 1
22 -3 1
23 -13 1
23 -12 1
23 -11 1
23 -1 2
24 -9 1
24 -8 1
25 -12 1
25 -10 2
26 -12 1
27 -17 1
27 -14 1
27 -6 1
28 -8 1
32 -3 1
32 -1 1
34 -1 2
36 -1 1
37 -15 1
37 -6 1
37 -1 1
40 -10 1
40 -4 1
40 -1 1
41 1 1
43 -8 1
43 -5 1
43 -2 1
44 -6 1
45 -5 1
45 -1 4
47 1 1
48 -1 1
50 -1 1
