ROI: kras
Phase: 4
Total nodes checked: 10390
Total variants found: 3061
0 N 7
1 N 13
2 T 1
2 N 10
3 N 7
4 N 9
5 A 3
5 T 3
5 N 30
6 N 10
7 N 7
8 N 10
9 G 2
9 N 67
10 A 1
10 N 7
11 N 5
12 A 3
12 N 6
13 N 7
14 N 54
15 G 2
15 N 8
16 T 1
16 N 24
17 N 15
18 A 3
18 T 1
18 N 14
19 N 39
20 G 1
20 N 35
21 N 6
22 N 21
23 N 4
24 N 532
25 N 9
26 A 1
26 N 23
27 N 16
28 C 2
28 G 1
28 N 15
29 N 10
30 T 2
30 N 45
31 G 1
31 N 16
32 A 5
32 N 12
33 T 1
33 N 28
34 N 13
35 N 34
36 N 7
37 T 1
37 N 13
38 C 1
38 N 19
39 T 1
39 N 13
40 A 2
40 T 1
40 N 13
41 C 2
41 G 1
41 N 21
42 C 1
42 G 2
42 T 1
42 N 40
43 N 41
44 A 1
44 C 1
44 N 12
45 N 9
46 A 1
46 T 1
46 N 52
47 C 1
47 G 1
47 N 23
48 A 1
48 N 12
49 N 6
50 N 7
51 C 1
51 N 22
0 -10 1
0 -4 3
0 -2 5
0 -1 16
1 -19 1
1 -5 1
1 1 1
2 -4 1
2 -3 3
2 -2 5
2 -1 21
3 -5 2
3 -4 1
3 -3 2
3 -2 2
3 -1 9
3 1 2
4 -4 1
4 -3 2
4 -2 10
4 -1 31
5 -10 1
5 -9 1
5 -6 1
5 -4 1
5 -3 4
5 -2 4
5 -1 14
6 -12 1
6 -7 1
6 -2 1
6 -1 8
6 1 1
7 -5 1
7 -2 1
8 -15 1
8 -8 1
8 -7 1
8 -4 1
8 -2 2
8 -1 17
9 -9 1
9 -6 1
9 -4 2
9 -3 1
9 -2 4
9 -1 5
9 1 5
10 -7 1
10 -5 3
10 1 1
11 -4 1
11 -3 2
11 -2 3
11 -1 9
12 -11 1
12 -4 1
12 -3 4
12 -2 4
12 -1 12
12 1 1
13 -2 1
13 -1 6
13 1 3
14 -12 1
14 -4 3
14 -3 3
14 -2 5
14 -1 12
15 -7 1
15 -3 1
15 -1 7
15 1 1
16 -15 1
16 -3 1
16 -2 1
16 1 1
17 -5 4
17 -3 5
17 -2 10
17 -1 53
18 -10 1
18 -6 1
18 -5 2
18 -4 3
18 -3 1
18 -2 8
18 -1 12
18 1 2
19 1 4
20 -9 1
20 -5 1
20 -3 3
20 -2 5
20 -1 35
21 -10 1
21 -4 1
21 -2 16
21 -1 47
22 -7 1
22 -6 1
22 -4 2
22 -3 1
22 -2 5
22 -1 6
22 1 1
23 -9 1
23 -4 2
23 -3 4
23 -2 9
23 -1 31
24 -9 1
24 -8 1
24 -7 2
24 -6 1
24 -2 5
24 -1 13
25 -11 1
25 -4 1
25 -2 2
25 -1 9
25 1 1
26 -10 1
26 -5 2
26 -4 4
26 -2 2
27 -3 1
27 -2 3
27 -1 23
28 -2 1
28 1 2
29 -18 1
29 -3 1
29 -2 2
29 -1 13
30 -2 1
30 -1 13
30 1 1
31 -4 1
31 -3 1
31 -2 4
31 -1 12
32 -9 2
32 -8 1
32 -7 1
32 -6 3
32 -5 1
32 -4 1
32 -3 6
32 -2 13
32 -1 49
33 -5 1
33 -4 1
33 -1 9
33 1 3
34 -6 1
34 -5 1
34 -3 1
34 -2 2
34 -1 15
34 1 1
35 -15 1
35 -13 1
35 -4 2
35 -3 1
35 -2 15
35 -1 38
36 -10 1
36 -9 1
36 -5 1
36 -2 2
36 -1 8
36 1 2
37 -9 1
37 -6 1
37 -3 5
37 -2 13
37 -1 72
38 -2 1
38 -1 4
39 -5 2
39 -2 8
39 -1 53
39 1 2
40 -5 1
40 -3 3
40 -2 3
40 -1 17
40 1 2
41 -1 6
41 1 3
42 -4 2
42 1 2
43 -5 2
43 -3 2
43 -2 7
43 -1 72
44 -5 1
44 -4 1
44 -2 1
44 1 1
45 -7 1
45 -4 1
45 -3 2
45 -2 7
45 -1 84
46 -3 1
46 -2 2
46 -1 6
46 1 4
47 -4 1
47 -1 12
47 1 2
48 -3 3
48 -2 5
48 -1 74
49 -3 2
49 -2 4
50 -2 2
50 -1 75
51 -1 63
51 1 1
52 1 4
