ROI: kras
Phase: 4
Total nodes checked: 16006
Total variants found: 4440
0 N 11
1 N 15
2 T 1
2 N 14
3 G 1
3 N 15
4 C 1
4 N 14
5 A 5
5 T 4
5 N 40
6 G 1
6 N 11
7 N 7
8 T 2
8 N 14
9 G 4
9 N 91
10 A 2
10 T 1
10 N 11
11 C 1
11 T 1
11 N 11
12 A 8
12 G 2
12 T 1
12 N 8
13 C 1
13 T 2
13 N 13
14 A 1
14 G 1
14 N 66
15 G 3
15 T 1
15 N 13
16 A 1
16 T 1
16 N 30
17 C 1
17 N 19
18 A 7
18 G 1
18 T 2
18 N 19
19 C 1
19 N 53
20 G 2
20 N 48
21 A 2
21 N 7
22 G 3
22 N 25
23 A 1
23 T 1
23 N 5
24 G 2
24 N 700
25 C 1
25 T 1
25 N 11
26 A 2
26 G 1
26 N 31
27 T 2
27 N 28
28 C 3
28 G 1
28 N 19
29 G 2
29 N 14
30 A 2
30 T 4
30 N 69
31 C 2
31 G 3
31 N 22
32 A 7
32 G 2
32 N 17
33 A 2
33 C 2
33 T 1
33 N 31
34 G 2
34 T 2
34 N 17
35 A 4
35 N 45
36 C 2
36 T 2
36 N 12
37 A 9
37 T 1
37 N 15
38 C 3
38 G 2
38 N 28
39 A 2
39 C 2
39 T 1
39 N 19
40 A 3
40 G 2
40 T 4
40 N 23
41 A 2
41 C 3
41 G 1
41 N 25
42 C 1
42 G 2
42 T 2
42 N 55
43 T 2
43 N 53
44 A 2
44 C 1
44 N 15
45 C 2
45 N 12
46 A 5
46 T 2
46 N 73
47 C 2
47 G 2
47 N 26
48 A 3
48 N 12
49 G 1
49 N 10
50 T 1
50 N 11
51 A 1
51 C 1
51 N 27
0 -10 1
0 -7 1
0 -4 4
0 -3 1
0 -2 7
0 -1 25
1 -19 1
1 -5 1
1 1 3
2 -4 2
2 -3 3
2 -2 6
2 -1 35
3 -6 1
3 -5 2
3 -4 1
3 -3 2
3 -2 2
3 -1 10
3 1 3
4 -5 1
4 -4 1
4 -3 3
4 -2 12
4 -1 44
5 -10 1
5 -9 1
5 -6 1
5 -4 2
5 -3 6
5 -2 6
5 -1 16
6 -12 1
6 -7 1
6 -2 1
6 -1 11
6 1 1
7 -5 1
7 -2 1
8 -15 1
8 -8 1
8 -7 1
8 -4 1
8 -2 3
8 -1 24
9 -9 1
9 -6 1
9 -4 2
9 -3 3
9 -2 5
9 -1 11
9 1 5
10 -7 1
10 -5 3
10 1 1
11 -4 2
11 -3 2
11 -2 5
11 -1 22
12 -11 1
12 -4 1
12 -3 5
12 -2 6
12 -1 14
12 1 4
13 -3 1
13 -2 2
13 -1 8
13 1 3
14 -12 1
14 -8 1
14 -6 1
14 -4 3
14 -3 4
14 -2 6
14 -1 15
14 1 1
15 -7 1
15 -3 1
15 -1 8
15 1 3
16 -15 1
16 -3 1
16 -2 1
16 1 1
17 -7 1
17 -5 6
17 -3 6
17 -2 16
17 -1 80
18 -10 1
18 -6 1
18 -5 2
18 -4 3
18 -3 1
18 -2 8
18 -1 24
18 1 2
19 -8 1
19 1 5
20 -9 1
20 -5 2
20 -3 3
20 -2 9
20 -1 50
21 -10 1
21 -6 1
21 -4 1
21 -2 18
21 -1 72
22 -7 1
22 -6 1
22 -4 3
22 -3 1
22 -2 10
22 -1 13
22 1 1
23 -9 1
23 -4 2
23 -3 5
23 -2 14
23 -1 43
24 -9 1
24 -8 1
24 -7 2
24 -6 1
24 -4 1
24 -2 6
24 -1 25
25 -12 1
25 -11 1
25 -7 1
25 -4 1
25 -2 3
25 -1 17
25 1 2
26 -10 1
26 -5 3
26 -4 4
26 -2 2
27 -3 1
27 -2 6
27 -1 39
28 -2 3
28 1 2
29 -18 1
29 -3 1
29 -2 3
29 -1 20
30 -2 1
30 -1 20
30 1 3
31 -12 1
31 -9 1
31 -4 1
31 -3 1
31 -2 7
31 -1 20
31 1 1
32 -9 2
32 -8 1
32 -7 1
32 -6 4
32 -5 1
32 -4 2
32 -3 7
32 -2 19
32 -1 68
33 -5 2
33 -4 1
33 -2 1
33 -1 12
33 1 4
34 -6 1
34 -5 1
34 -3 1
34 -2 2
34 -1 20
34 1 1
35 -15 1
35 -13 1
35 -4 2
35 -3 3
35 -2 22
35 -1 58
36 -10 1
36 -9 1
36 -5 1
36 -2 2
36 -1 11
36 1 3
37 -9 1
37 -6 1
37 -4 1
37 -3 6
37 -2 21
37 -1 107
38 -2 2
38 -1 7
38 1 2
39 -5 2
39 -3 1
39 -2 11
39 -1 82
39 1 3
40 -5 1
40 -4 1
40 -3 3
40 -2 3
40 -1 28
40 1 2
41 -5 1
41 -2 1
41 -1 11
41 1 4
42 -4 2
42 -3 1
42 1 3
43 -5 2
43 -3 2
43 -2 14
43 -1 108
44 -5 1
44 -4 1
44 -3 2
44 -2 1
44 1 3
45 -7 1
45 -4 1
45 -3 2
45 -2 10
45 -1 128
46 -3 1
46 -2 2
46 -1 8
46 1 5
47 -4 1
47 -1 20
47 1 3
48 -3 3
48 -2 10
48 -1 111
48 1 2
49 -3 2
49 -2 8
49 1 1
50 -2 4
50 -1 115
51 -1 103
51 1 3
52 1 7
