ROI: kras
Phase: 3
Total nodes checked: 154270
Total variants found: 40328
0 C 2
0 G 1
0 N 148
1 A 5
1 T 9
1 N 236
2 A 4
2 T 8
2 N 202
3 G 10
3 N 181
4 A 9
4 C 6
4 T 1
4 N 291
5 A 33
5 G 9
5 T 22
5 N 124
6 C 8
6 G 7
6 N 172
7 A 3
7 T 14
7 N 125
8 A 6
8 T 11
8 N 109
9 C 1
9 G 19
9 N 1771
10 A 5
10 T 18
10 N 187
11 A 3
11 C 10
11 T 9
11 N 217
12 A 57
12 G 31
12 T 16
12 N 226
13 A 12
13 C 18
13 T 15
13 N 170
14 A 12
14 C 4
14 G 19
14 N 536
15 C 1
15 G 17
15 T 22
15 N 374
16 A 25
16 T 7
16 N 348
17 A 4
17 C 14
17 T 3
17 N 479
18 A 66
18 G 24
18 T 10
18 N 584
19 C 24
19 G 7
19 T 2
19 N 644
20 G 24
20 N 867
21 A 37
21 T 5
21 N 88
22 C 1
22 G 51
22 T 1
22 N 298
23 A 31
23 T 24
23 N 125
24 A 1
24 C 2
24 G 42
24 N 3340
25 A 4
25 C 17
25 T 29
25 N 117
26 A 29
26 G 33
26 T 13
26 N 664
27 A 17
27 G 1
27 T 27
27 N 386
28 A 1
28 C 32
28 G 2
28 N 290
29 A 1
29 C 2
29 G 13
29 N 259
30 A 16
30 C 1
30 T 38
30 N 605
31 C 13
31 G 44
31 T 1
31 N 717
32 A 55
32 G 15
32 T 12
32 N 253
33 A 16
33 C 34
33 T 5
33 N 307
34 C 1
34 G 40
34 T 12
34 N 730
35 A 48
35 C 2
35 G 2
35 N 374
36 C 16
36 G 9
36 T 32
36 N 220
37 A 83
37 G 3
37 T 8
37 N 202
38 C 29
38 G 18
38 N 307
39 A 30
39 C 15
39 T 6
39 N 237
40 A 27
40 G 27
40 T 28
40 N 278
41 A 12
41 C 25
41 N 206
42 C 1
42 G 3
42 T 25
42 N 518
43 G 6
43 T 12
43 N 345
44 A 23
44 C 3
44 N 1734
45 C 11
45 G 2
45 N 240
46 A 30
46 T 30
46 N 470
47 C 19
47 G 11
47 T 1
47 N 474
48 A 25
48 T 6
48 N 136
49 C 1
49 G 16
49 N 206
50 C 1
50 G 6
50 T 6
50 N 239
51 A 5
51 C 7
51 N 344
0 -16 1
0 -15 1
0 -13 1
0 -11 2
0 -10 2
0 -8 1
0 -7 7
0 -6 2
0 -5 3
0 -4 6
0 -3 11
0 -2 33
0 -1 210
1 -7 1
1 -5 1
1 -4 3
1 -3 1
1 -2 5
1 1 58
1 2 1
2 -17 2
2 -12 1
2 -10 2
2 -8 1
2 -7 5
2 -6 2
2 -5 3
2 -4 11
2 -3 24
2 -2 39
2 -1 235
2 1 1
3 -16 1
3 -13 1
3 -10 2
3 -9 4
3 -8 5
3 -7 1
3 -6 10
3 -5 12
3 -4 9
3 -3 16
3 -2 53
3 -1 122
3 1 24
4 -10 2
4 -7 1
4 -6 1
4 -5 6
4 -4 3
4 -3 9
4 -2 55
4 -1 258
4 1 11
5 -19 2
5 -12 2
5 -11 1
5 -8 1
5 -7 1
5 -6 4
5 -5 7
5 -4 23
5 -3 24
5 -2 40
5 -1 139
5 1 18
6 -17 1
6 -13 2
6 -10 2
6 -7 5
6 -6 2
6 -5 2
6 -4 2
6 -3 4
6 -2 23
6 -1 62
6 1 33
6 2 2
7 -13 2
7 -7 2
7 -5 1
7 -2 9
7 1 28
8 -21 1
8 -12 2
8 -11 2
8 -7 4
8 -6 5
8 -5 1
8 -4 4
8 -3 2
8 -2 36
8 -1 229
8 2 1
9 -18 1
9 -16 1
9 -14 1
9 -10 2
9 -9 1
9 -8 4
9 -7 8
9 -6 3
9 -5 2
9 -4 9
9 -3 34
9 -2 61
9 -1 84
9 1 30
10 -10 2
10 -6 3
10 -5 6
10 -4 2
10 -2 5
10 -1 2
10 1 21
11 -17 1
11 -11 1
11 -9 1
11 -7 5
11 -5 3
11 -4 9
11 -3 20
11 -2 26
11 -1 224
12 -11 2
12 -10 1
12 -9 1
12 -8 2
12 -7 4
12 -6 1
12 -5 6
12 -4 11
12 -3 20
12 -2 56
12 -1 128
12 1 31
12 9 1
13 -11 1
13 -6 12
13 -5 3
13 -3 1
13 -2 20
13 -1 103
13 1 33
13 2 1
14 -22 1
14 -18 1
14 -13 2
14 -12 1
14 -8 3
14 -7 5
14 -6 6
14 -5 10
14 -4 15
14 -3 14
14 -2 31
14 -1 115
14 1 17
14 2 1
15 -14 1
15 -12 1
15 -9 2
15 -6 2
15 -4 1
15 -3 3
15 -2 10
15 -1 68
15 1 43
15 2 1
16 -13 1
16 -11 1
16 -10 1
16 -8 1
16 -6 3
16 -5 1
16 -4 7
16 -3 10
16 -2 13
16 -1 1
16 1 9
17 -32 1
17 -21 1
17 -15 1
17 -7 7
17 -6 3
17 -5 14
17 -4 6
17 -3 31
17 -2 110
17 -1 521
18 -13 2
18 -11 1
18 -10 2
18 -6 3
18 -5 8
18 -4 23
18 -3 17
18 -2 38
18 -1 123
18 1 27
19 -33 1
19 -15 1
19 -10 1
19 -8 6
19 -6 4
19 -5 3
19 -4 2
19 -2 5
19 -1 1
19 1 30
19 11 1
20 -17 1
20 -9 3
20 -8 3
20 -7 3
20 -6 3
20 -5 9
20 -4 9
20 -3 26
20 -2 55
20 -1 398
21 -17 1
21 -15 1
21 -14 1
21 -13 1
21 -11 1
21 -10 3
21 -7 3
21 -6 2
21 -5 6
21 -4 5
21 -3 16
21 -2 65
21 -1 423
21 1 27
22 -10 1
22 -7 1
22 -6 5
22 -5 1
22 -4 13
22 -3 20
22 -2 64
22 -1 142
22 1 11
23 -14 1
23 -12 2
23 -9 6
23 -8 3
23 -6 6
23 -5 7
23 -4 8
23 -3 22
23 -2 56
23 -1 313
23 1 12
24 -14 1
24 -13 1
24 -10 1
24 -9 1
24 -8 1
24 -7 5
24 -6 4
24 -5 1
24 -4 6
24 -3 10
24 -2 55
24 -1 150
24 1 12
24 8 1
25 -11 1
25 -6 2
25 -4 11
25 -3 6
25 -2 12
25 -1 82
25 1 22
26 -8 2
26 -7 3
26 -6 1
26 -5 14
26 -4 7
26 -3 14
26 -2 18
26 -1 8
26 1 14
27 -14 1
27 -11 3
27 -9 1
27 -8 1
27 -7 2
27 -6 7
27 -5 2
27 -4 6
27 -3 8
27 -2 27
27 -1 188
27 1 1
28 -15 1
28 -9 1
28 -6 1
28 -5 5
28 -4 2
28 -3 3
28 -2 2
28 -1 1
28 1 63
28 2 2
29 -19 1
29 -13 1
29 -8 2
29 -7 2
29 -5 2
29 -4 3
29 -3 6
29 -2 26
29 -1 159
30 -11 1
30 -10 1
30 -6 1
30 -3 1
30 -2 18
30 -1 104
30 1 42
31 -13 3
31 -11 2
31 -10 1
31 -9 2
31 -8 1
31 -7 1
31 -6 5
31 -5 3
31 -4 7
31 -3 5
31 -2 34
31 -1 136
31 1 14
31 2 1
31 7 1
32 -18 1
32 -13 1
32 -12 1
32 -11 1
32 -8 1
32 -7 2
32 -6 4
32 -5 4
32 -4 12
32 -3 42
32 -2 69
32 -1 365
32 1 4
33 -19 1
33 -17 1
33 -14 1
33 -11 1
33 -9 1
33 -8 1
33 -6 1
33 -5 13
33 -4 4
33 -3 10
33 -2 24
33 -1 105
33 1 37
34 -18 1
34 -11 1
34 -6 5
34 -5 4
34 -3 15
34 -2 21
34 -1 122
34 1 11
34 2 1
35 -11 1
35 -8 2
35 -7 2
35 -6 1
35 -5 2
35 -4 14
35 -3 25
35 -2 82
35 -1 373
35 1 14
35 3 1
36 -12 2
36 -9 1
36 -8 1
36 -5 1
36 -4 1
36 -3 9
36 -2 4
36 -1 80
36 1 21
37 -15 1
37 -13 1
37 -12 1
37 -8 1
37 -7 1
37 -6 8
37 -5 3
37 -4 12
37 -3 17
37 -2 78
37 -1 503
37 1 8
38 -8 1
38 -3 9
38 -2 17
38 -1 66
38 1 18
39 -13 1
39 -11 1
39 -10 1
39 -8 1
39 -7 1
39 -6 3
39 -5 4
39 -4 10
39 -3 23
39 -2 70
39 -1 522
39 1 11
39 2 1
40 -11 1
40 -10 1
40 -9 4
40 -8 3
40 -5 3
40 -4 9
40 -3 23
40 -2 46
40 -1 209
40 1 14
41 -7 1
41 -6 3
41 -2 9
41 -1 79
41 1 25
42 -10 1
42 -9 2
42 -6 2
42 -4 2
42 -3 6
42 -2 5
42 1 25
43 -8 2
43 -6 1
43 -5 2
43 -4 2
43 -3 12
43 -2 84
43 -1 679
43 2 1
44 -8 4
44 -6 6
44 -5 8
44 -4 19
44 -3 16
44 -2 20
44 1 19
45 -7 6
45 -5 1
45 -4 3
45 -3 13
45 -2 61
45 -1 814
46 -6 2
46 -5 1
46 -3 4
46 -2 12
46 -1 116
46 1 31
47 -5 1
47 -4 2
47 -2 3
47 -1 80
47 1 14
48 -4 4
48 -3 18
48 -2 78
48 -1 728
48 1 7
49 -3 11
49 -2 26
49 1 11
50 -2 35
50 -1 819
51 -1 777
51 1 20
52 1 47
52 2 1
52 6 1
