ROI: mrcA
Phase: 6
Total nodes checked: 234177
Total variants found: 84516
0 T 1
0 N 591
1 N 1148
2 T 1
2 N 593
3 G 2
3 N 247
4 N 2106
5 A 10
5 T 2
5 N 2862
6 N 2607
7 A 62
7 T 4
7 N 1002
8 A 5
8 N 429
9 A 1
9 N 878
10 A 84
10 T 4
10 N 834
11 A 6
11 C 2
11 N 423
12 A 3
12 G 2
12 T 3
12 N 1054
13 C 3
13 N 1829
14 A 3
14 T 3
14 N 384
15 C 2
15 T 4
15 N 798
16 G 4
16 N 5268
17 A 1
17 T 4
17 N 595
18 C 1
18 G 3
18 N 457
19 A 17
19 G 1
19 T 8
19 N 545
20 A 4
20 C 5
20 T 1
20 N 667
21 G 4
21 T 1
21 N 566
22 A 3
22 C 1
22 N 850
23 A 9
23 T 4
23 N 721
24 C 3
24 G 2
24 N 150
25 T 1
25 N 491
26 A 3
26 C 1
26 N 1112
27 A 48
27 T 3
27 N 209
28 A 133
28 G 1
28 T 2
28 N 2015
29 A 25
29 C 5
29 T 1
29 N 1511
30 A 19
30 G 3
30 T 2
30 N 717
31 C 3
31 G 1
31 N 388
32 N 478
33 G 1
33 N 282
34 C 2
34 N 595
35 A 15
35 G 2
35 T 2
35 N 305
36 A 4
36 C 2
36 N 255
37 A 1
37 T 2
37 N 446
38 G 3
38 N 2781
39 A 1
39 C 2
39 T 2
39 N 654
40 A 37
40 G 2
40 T 2
40 N 252
41 A 34
41 G 2
41 N 582
42 A 3
42 C 2
42 T 2
42 N 427
43 G 2
43 N 376
44 A 2
44 N 330
45 G 1
45 T 5
45 N 397
46 A 3
46 G 2
46 N 355
47 T 3
47 N 273
48 A 1
48 C 2
48 N 507
49 A 122
49 G 6
49 N 1039
50 A 11
50 C 4
50 N 305
51 A 11
51 G 3
51 T 2
51 N 720
52 C 3
52 G 2
52 N 212
53 A 3
53 T 3
53 N 362
54 T 3
54 N 260
55 C 2
55 G 3
55 N 11377
56 A 44
56 G 2
56 T 4
56 N 570
57 A 9
57 C 4
57 T 1
57 N 226
58 T 3
58 N 280
59 G 7
59 N 3276
60 A 1
60 T 5
60 N 327
61 C 3
61 T 1
61 N 521
62 A 1
62 G 3
62 T 4
62 N 2392
63 C 4
63 N 719
64 N 535
65 G 3
65 N 265
66 A 2
66 T 4
66 N 192
67 G 4
67 T 3
67 N 1648
68 A 4
68 N 260
69 N 286
70 C 1
70 N 816
71 A 41
71 G 3
71 T 6
71 N 739
72 C 4
72 N 358
73 T 1
73 N 309
74 A 4
74 N 671
75 A 44
75 T 5
75 N 862
76 C 3
76 G 1
76 N 691
77 A 6
77 N 176
78 G 5
78 N 516
79 A 4
79 C 2
79 N 229
80 A 35
80 G 3
80 T 1
80 N 598
81 C 3
81 N 279
82 G 2
82 N 1051
83 A 3
83 T 1
83 N 159
84 G 2
84 N 2253
85 N 436
86 N 306
87 T 2
87 N 341
88 G 1
88 N 582
89 A 18
89 T 2
89 N 181
90 A 64
90 N 1155
0 -10 1
0 -6 1
0 -5 3
0 -2 3
0 -1 25
1 -5 1
1 -4 2
1 -3 4
1 -2 8
1 -1 11
2 -8 1
2 -4 1
2 -3 1
2 -2 3
2 -1 2
2 1 2
3 -4 2
3 -2 1
4 -5 1
4 -4 1
4 -3 5
4 -2 15
4 -1 20
5 -10 1
5 -5 1
5 -4 1
5 -3 1
5 -2 10
5 -1 42
5 1 2
6 -5 1
6 -4 1
6 -3 1
6 -2 2
6 -1 3
6 1 2
7 -8 1
7 -7 1
7 -4 2
7 -3 2
7 -2 2
7 -1 9
8 -3 1
8 -2 1
8 -1 1
8 1 1
9 -5 2
9 -4 1
9 -3 5
9 -2 2
9 -1 11
10 -6 1
10 -5 1
10 -4 1
10 -3 1
10 -1 10
10 1 2
11 -2 4
11 -1 1
11 1 1
12 -9 1
12 -6 1
12 -5 1
12 -4 2
12 -2 4
12 -1 8
12 1 1
12 3 1
13 -7 1
13 -6 2
13 -4 1
13 -1 6
14 -5 1
14 -4 1
14 -3 1
14 -2 2
14 1 2
15 -21 1
15 -10 1
15 -7 1
15 -4 1
15 -3 3
15 -2 8
15 -1 14
16 -15 1
16 -9 1
16 -5 1
16 -4 3
16 -3 1
16 -2 1
16 -1 6
17 -15 1
17 -3 1
17 -2 8
17 -1 3
17 1 1
18 -6 2
18 -5 1
18 -3 4
18 -2 2
18 -1 12
18 1 2
19 -3 2
19 -2 4
19 -1 5
20 -26 1
20 -7 1
20 -5 2
20 -4 2
20 -3 3
20 -2 2
20 -1 3
20 1 1
21 -6 1
21 -2 3
21 -1 5
21 2 1
22 -10 1
22 -4 1
22 -3 2
22 -2 7
22 -1 29
22 1 1
23 -9 1
23 -8 1
23 -6 1
23 -3 2
23 -1 7
24 -6 1
24 -4 1
25 -11 1
25 -3 2
25 -2 8
25 -1 41
26 -8 1
26 -7 1
26 -5 1
26 -3 4
26 -2 6
26 -1 37
26 1 1
27 -7 1
27 -5 1
27 -1 1
27 1 1
28 -10 1
28 -4 1
28 -3 3
28 -2 2
28 -1 8
29 -5 1
29 -3 1
29 -2 1
29 -1 5
29 1 2
30 -7 1
30 -4 2
30 -3 2
30 -2 5
30 -1 7
31 -6 1
32 -11 1
32 -8 1
32 -4 2
32 -3 1
33 -3 2
33 -2 3
34 -9 1
34 -8 1
34 -7 1
34 -6 2
34 -4 1
34 -3 3
34 -2 18
34 -1 71
35 -11 1
35 -2 5
35 -1 22
36 -5 1
37 -10 1
37 -9 1
37 -6 1
37 -5 1
37 -3 3
37 -2 2
37 -1 12
38 -5 1
38 -3 2
38 -2 2
38 -1 1
38 1 1
39 -13 1
39 -5 3
39 -4 2
39 -2 2
39 -1 2
40 -21 1
40 -7 1
40 -5 1
40 -4 1
40 -3 3
40 -2 2
41 -1 11
42 -1 2
42 1 5
43 -6 2
43 -3 1
44 -18 1
44 -3 2
44 -1 9
45 -8 1
45 -2 2
45 -1 2
46 -10 1
46 -4 1
46 -2 7
46 -1 22
47 -9 1
47 -1 1
48 -8 1
48 -4 1
48 -3 1
48 -2 1
48 -1 7
49 -8 1
49 -6 2
49 -3 1
49 -2 1
49 -1 4
49 1 1
50 -3 1
50 -2 5
50 -1 1
50 1 2
51 -2 1
51 -1 5
52 -1 2
53 -19 1
54 -9 1
54 -5 1
54 -3 1
54 -2 2
54 -1 13
55 -6 1
55 -5 1
55 -2 2
55 -1 2
56 -5 1
56 -4 2
56 -3 1
56 -2 2
56 -1 5
56 1 3
57 -6 1
57 -2 1
58 -5 1
58 -2 2
58 -1 9
59 -24 1
59 -3 2
59 -2 3
59 -1 4
60 -5 3
60 -4 1
60 -2 1
60 1 1
61 -6 1
61 -4 2
61 -2 2
61 -1 15
62 -11 1
62 -6 1
62 -2 2
62 -1 4
62 1 2
63 1 2
64 -3 1
65 -2 1
65 -1 13
66 -5 1
66 -3 1
66 -2 1
66 -1 3
66 1 1
67 -7 1
67 -3 3
67 -2 2
67 -1 7
68 -8 1
68 -5 2
69 -6 1
69 -3 1
69 -2 3
70 -2 2
70 -1 29
71 -5 1
71 -2 1
71 -1 8
71 1 1
73 -4 2
73 -2 3
73 -1 38
74 -9 1
74 -4 1
74 -3 2
74 -2 2
74 -1 28
74 1 1
75 -4 1
75 -1 4
76 -14 1
76 -2 1
76 -1 3
77 -6 1
77 -5 1
77 -2 1
77 -1 22
78 -8 1
78 -6 2
78 -5 1
78 -4 1
78 -2 4
78 -1 11
79 -7 1
79 -5 1
79 -3 2
79 -2 6
79 -1 25
80 -6 1
80 -5 1
80 -4 2
80 -3 1
80 -2 2
80 -1 15
82 -3 1
82 -2 2
82 -1 28
83 -8 1
83 -2 2
83 -1 37
84 -6 1
85 -2 1
86 -2 1
86 -1 20
88 -2 3
88 -1 51
89 1 1
90 -1 34
