ROI: mrcA
Phase: 5
Total nodes checked: 1335603
Total variants found: 416865
0 A 2
0 C 3
0 T 4
0 N 1710
1 G 2
1 N 8555
2 A 3
2 C 2
2 T 1
2 N 2800
3 G 1
3 N 694
4 C 3
4 G 1
4 N 8115
5 A 15
5 T 14
5 N 1408
6 C 6
6 N 3909
7 A 24
7 G 5
7 T 7
7 N 1760
8 A 6
8 C 4
8 N 2124
9 A 3
9 C 8
9 N 2719
10 A 22
10 G 8
10 T 5
10 N 2973
11 A 14
11 C 11
11 T 1
11 N 1559
12 A 1
12 G 4
12 T 9
12 N 2084
13 C 5
13 G 6
13 N 10479
14 A 2
14 C 2
14 T 5
14 N 2380
15 A 3
15 C 2
15 T 6
15 N 2392
16 G 11
16 N 4132
17 A 3
17 C 1
17 T 11
17 N 6730
18 C 6
18 G 5
18 N 2998
19 A 25
19 G 5
19 T 9
19 N 2045
20 A 9
20 C 8
20 N 1766
21 G 5
21 T 6
21 N 3171
22 A 7
22 C 4
22 N 1225
23 A 14
23 T 6
23 N 2716
24 C 5
24 T 1
24 N 1118
25 G 1
25 T 4
25 N 1845
26 A 5
26 C 5
26 N 4114
27 A 27
27 T 10
27 N 1945
28 A 78
28 G 4
28 T 5
28 N 3345
29 A 12
29 C 13
29 T 1
29 N 2380
30 A 15
30 G 7
30 T 3
30 N 2751
31 C 7
31 N 1417
32 G 1
32 N 2797
33 G 1
33 N 2437
34 C 4
34 N 3891
35 A 19
35 G 3
35 T 3
35 N 792
36 A 2
36 C 6
36 N 1649
37 T 4
37 N 1921
38 G 9
38 N 49146
39 C 3
39 T 6
39 N 1936
40 A 20
40 G 6
40 T 2
40 N 1248
41 A 20
41 G 3
41 N 2085
42 A 5
42 C 7
42 T 4
42 N 2063
43 G 7
43 N 1850
44 A 3
44 N 1077
45 T 11
45 N 1160
46 A 7
46 G 3
46 N 2938
47 A 1
47 T 7
47 N 845
48 C 3
48 N 1568
49 A 28
49 G 10
49 T 3
49 N 2738
50 A 7
50 C 9
50 N 2781
51 A 17
51 G 7
51 T 5
51 N 1976
52 C 6
52 G 3
52 N 831
53 A 2
53 T 7
53 N 1302
54 A 1
54 C 1
54 T 3
54 N 2104
55 C 3
55 G 6
55 N 24508
56 A 12
56 G 3
56 T 8
56 N 4382
57 A 9
57 C 5
57 T 1
57 N 813
58 T 3
58 N 1047
59 G 9
59 N 8962
60 A 1
60 T 6
60 N 965
61 C 3
61 T 1
61 N 1504
62 A 1
62 G 5
62 T 4
62 N 2533
63 C 5
63 N 1225
64 C 1
64 N 1196
65 G 3
65 N 2036
66 A 3
66 T 6
66 N 1070
67 G 6
67 T 3
67 N 12146
68 A 6
68 N 2119
69 N 1251
70 C 3
70 N 2933
71 A 26
71 T 7
71 N 2089
72 C 6
72 N 6469
73 T 2
73 N 1538
74 A 5
74 C 2
74 N 1938
75 A 23
75 G 1
75 T 5
75 N 113261
76 C 5
76 G 2
76 T 1
76 N 2124
77 A 7
77 N 1083
78 G 7
78 N 1742
79 A 5
79 C 2
79 N 1091
80 A 25
80 G 4
80 T 1
80 N 1554
81 C 4
81 G 1
81 N 1177
82 G 3
82 N 2479
83 A 4
83 T 2
83 N 842
84 G 3
84 N 7387
85 N 1088
86 A 2
86 N 1362
87 T 3
87 N 1038
88 C 2
88 N 1821
89 A 13
89 G 1
89 N 477
90 A 36
90 T 3
90 N 4146
0 -30 1
0 -5 2
0 -3 3
0 -2 11
0 -1 29
0 1 2
1 -7 1
1 -3 2
1 -2 9
1 -1 9
2 -3 2
2 -2 2
2 -1 6
2 1 3
3 -9 1
3 -5 1
3 -4 2
3 -3 1
3 -2 5
3 1 1
4 -7 1
4 -6 1
4 -4 3
4 -3 3
4 -2 5
4 -1 45
5 -9 1
5 -4 1
5 -3 5
5 -2 7
5 -1 41
5 1 1
6 -4 1
6 -3 1
6 -2 1
6 -1 7
6 1 1
7 -3 1
7 -2 2
7 -1 8
7 1 2
8 -2 1
8 1 3
8 2 1
9 -9 1
9 -3 3
9 -2 5
9 -1 16
10 -8 1
10 -6 1
10 -1 17
10 1 2
11 -3 1
11 -2 4
11 -1 10
11 1 2
12 -5 1
12 -4 1
12 -3 1
12 -1 14
13 -4 1
13 -3 1
13 -2 2
13 -1 3
13 1 6
14 -5 1
14 -4 1
14 -2 1
15 -3 1
15 -2 7
15 -1 19
16 -8 1
16 -5 1
16 -3 2
16 -2 1
16 -1 8
16 2 1
17 -6 1
17 -2 5
17 -1 6
18 -3 4
18 -2 1
18 -1 8
19 -3 4
19 -2 1
19 -1 4
19 1 1
20 -4 1
20 -3 1
20 -2 2
20 -1 3
21 -3 1
21 -2 2
21 -1 13
22 -10 1
22 -3 2
22 -2 8
22 -1 35
23 -4 1
23 -3 1
23 -2 1
23 -1 10
23 1 2
24 -4 2
24 -3 1
24 -2 1
24 4 1
25 -4 3
25 -3 5
25 -2 7
25 -1 56
26 -11 1
26 -10 1
26 -8 1
26 -5 2
26 -3 3
26 -2 16
26 -1 67
27 -5 1
27 -4 1
27 -1 1
28 -3 3
28 -2 1
28 -1 13
29 -3 1
29 -2 3
29 -1 3
29 1 5
30 -4 2
30 -2 3
30 -1 21
30 1 1
32 -3 2
33 -10 1
33 -2 2
34 -9 1
34 -6 1
34 -5 2
34 -4 1
34 -3 3
34 -2 14
34 -1 81
35 -8 1
35 -7 1
35 -3 4
35 -2 6
35 -1 21
35 1 1
36 -1 1
37 -6 1
37 -3 2
37 -2 1
37 -1 15
38 -2 3
38 -1 4
38 1 2
39 -7 1
39 -6 2
39 -5 2
39 -2 2
39 -1 7
40 -6 1
40 -5 1
40 -3 1
40 -2 1
40 -1 1
41 -9 1
41 -3 3
41 -2 1
41 -1 10
42 -5 1
42 -2 2
42 -1 7
42 1 2
42 2 1
43 -6 1
43 -4 1
43 -2 2
44 -4 1
44 -3 2
44 -2 1
44 -1 14
45 -10 1
45 -2 4
45 -1 3
45 1 1
46 -10 1
46 -7 1
46 -5 1
46 -4 2
46 -2 5
46 -1 30
46 1 1
47 -2 2
48 -7 2
48 -3 1
48 -2 1
48 -1 14
49 -14 1
49 -7 1
49 -5 1
49 -2 1
49 -1 3
49 1 1
50 -6 1
50 -2 6
50 -1 3
51 -2 1
51 -1 5
52 -5 1
52 -1 7
53 -3 1
53 -2 1
53 1 2
54 -5 2
54 -2 5
54 -1 13
55 -6 1
55 -3 1
55 -2 2
55 -1 1
55 1 2
56 -4 1
56 -3 1
56 -2 1
56 -1 4
57 -2 1
57 1 2
58 -6 3
58 -4 2
58 -2 2
58 -1 12
59 -3 2
59 -2 6
59 -1 14
59 1 3
60 -4 3
60 -2 2
61 -9 1
61 -3 1
61 -2 5
61 -1 10
62 -8 2
62 -5 1
62 -3 2
62 -1 9
62 1 1
63 -3 1
63 1 1
64 -3 1
65 -4 1
65 -2 1
65 -1 14
66 -6 1
66 -4 1
66 -2 7
66 -1 5
66 1 2
67 -10 1
67 -3 2
67 -2 2
67 -1 8
67 1 1
68 -7 1
68 -3 1
70 -5 1
70 -3 1
70 -2 1
70 -1 50
71 -3 1
71 -2 2
71 -1 3
71 1 8
72 -3 1
72 1 3
73 -4 1
73 -3 1
73 -2 9
73 -1 49
74 -9 1
74 -6 1
74 -2 3
74 -1 56
75 -1 6
75 1 1
76 -1 10
77 -11 1
77 -7 1
77 -5 1
77 -4 1
77 -3 1
77 -2 3
77 -1 22
78 -2 6
78 -1 10
79 -3 2
79 -2 4
79 -1 38
80 -5 1
80 -3 1
80 -2 2
80 -1 18
81 1 1
82 -8 1
82 -2 4
82 -1 45
83 -3 1
83 -2 2
83 -1 49
83 1 1
84 -6 1
84 -5 1
84 -4 1
84 -3 2
85 -3 1
85 -2 4
86 -3 1
86 -1 24
87 -2 1
87 1 3
88 -3 2
88 -2 1
88 -1 48
89 -2 1
89 1 1
90 -1 51
91 1 8
