ROI: mrcA
Phase: 6
Total nodes checked: 683543
Total variants found: 198486
0 C 2
0 T 2
0 N 1327
1 G 1
1 N 2657
2 A 7
2 C 1
2 T 4
2 N 1406
3 G 2
3 N 544
4 C 1
4 G 1
4 N 4799
5 A 32
5 T 20
5 N 6799
6 A 1
6 C 4
6 G 1
6 N 6189
7 A 185
7 G 4
7 T 10
7 N 2315
8 A 18
8 C 1
8 T 1
8 N 1058
9 A 7
9 C 6
9 N 2056
10 A 214
10 G 5
10 T 11
10 N 1950
11 A 24
11 C 9
11 N 956
12 A 21
12 G 4
12 T 11
12 N 2421
13 C 6
13 G 4
13 N 4262
14 A 7
14 C 4
14 T 8
14 N 898
15 A 3
15 C 4
15 T 8
15 N 1879
16 G 11
16 N 12333
17 A 4
17 C 4
17 T 11
17 N 1328
18 C 7
18 G 6
18 N 1145
19 A 89
19 G 7
19 T 17
19 N 1244
20 A 24
20 C 11
20 T 3
20 N 1511
21 G 10
21 T 6
21 N 1348
22 A 8
22 C 6
22 N 1901
23 A 41
23 T 14
23 N 1555
24 C 8
24 G 2
24 N 384
25 T 6
25 N 1101
26 A 8
26 C 6
26 N 2601
27 A 178
27 T 11
27 N 491
28 A 520
28 G 6
28 T 8
28 N 4528
29 A 99
29 C 18
29 T 2
29 N 3447
30 A 69
30 G 8
30 T 3
30 N 1644
31 C 8
31 G 4
31 N 887
32 G 4
32 N 1021
33 G 2
33 N 675
34 C 8
34 N 1407
35 A 37
35 G 8
35 T 9
35 N 704
36 A 20
36 C 7
36 N 562
37 A 1
37 T 8
37 N 986
38 G 11
38 N 6467
39 A 3
39 C 6
39 T 7
39 N 1519
40 A 154
40 G 7
40 T 4
40 N 538
41 A 158
41 G 6
41 N 1349
42 A 50
42 C 7
42 T 6
42 N 1059
43 G 7
43 N 876
44 A 5
44 C 1
44 N 771
45 G 2
45 T 12
45 N 901
46 A 8
46 G 4
46 N 821
47 A 2
47 T 9
47 N 646
48 A 3
48 C 4
48 N 1148
49 A 334
49 G 13
49 N 2449
50 A 38
50 C 11
50 N 719
51 A 78
51 G 9
51 T 6
51 N 1576
52 C 7
52 G 2
52 N 523
53 A 8
53 T 7
53 N 793
54 A 1
54 T 3
54 N 607
55 C 2
55 G 7
55 N 26665
56 A 182
56 G 2
56 T 10
56 N 1331
57 A 41
57 C 8
57 T 3
57 N 516
58 C 1
58 T 3
58 N 698
59 G 10
59 N 7792
60 A 3
60 T 8
60 N 723
61 A 1
61 C 4
61 T 2
61 N 1172
62 A 5
62 G 5
62 T 5
62 N 5427
63 C 6
63 N 1717
64 N 1222
65 G 4
65 N 597
66 A 3
66 T 6
66 N 392
67 G 7
67 T 4
67 N 3929
68 A 6
68 N 641
69 N 631
70 C 2
70 N 1922
71 A 129
71 G 6
71 T 10
71 N 1779
72 C 6
72 N 859
73 G 2
73 T 3
73 N 767
74 A 6
74 C 1
74 N 1562
75 A 122
75 T 8
75 N 2054
76 C 5
76 G 2
76 N 1630
77 A 8
77 T 1
77 N 399
78 G 8
78 N 1219
79 A 7
79 C 2
79 N 579
80 A 96
80 G 5
80 T 4
80 N 1353
81 C 5
81 N 671
82 G 4
82 N 2441
83 A 5
83 T 1
83 N 395
84 C 1
84 G 4
84 N 5314
85 N 1051
86 N 709
87 T 4
87 N 842
88 G 2
88 N 1358
89 A 48
89 T 5
89 N 402
90 A 228
90 G 1
90 T 1
90 N 2787
0 -28 1
0 -10 1
0 -6 1
0 -5 3
0 -4 1
0 -3 2
0 -2 10
0 -1 58
0 1 4
1 -6 1
1 -5 1
1 -4 4
1 -3 8
1 -2 14
1 -1 27
2 -8 1
2 -4 1
2 -3 4
2 -2 4
2 -1 21
2 1 4
3 -10 1
3 -8 1
3 -7 1
3 -5 1
3 -4 2
3 -2 2
3 -1 1
4 -5 1
4 -4 1
4 -3 7
4 -2 29
4 -1 67
5 -10 1
5 -9 1
5 -6 1
5 -5 1
5 -4 3
5 -3 3
5 -2 28
5 -1 83
5 1 3
5 5 1
6 -5 1
6 -4 1
6 -3 2
6 -2 4
6 -1 10
6 1 6
6 2 1
7 -8 1
7 -7 1
7 -4 2
7 -3 2
7 -2 6
7 -1 22
7 1 2
8 -13 1
8 -3 1
8 -2 4
8 -1 1
8 1 7
9 -5 3
9 -4 1
9 -3 7
9 -2 9
9 -1 25
9 2 1
10 -6 1
10 -5 1
10 -4 2
10 -3 1
10 -1 24
10 1 3
11 -8 1
11 -3 1
11 -2 13
11 -1 13
11 1 5
12 -9 1
12 -6 1
12 -5 1
12 -4 2
12 -3 2
12 -2 9
12 -1 20
12 1 4
12 3 1
13 -7 1
13 -6 2
13 -4 2
13 -2 1
13 -1 13
13 1 4
13 2 1
14 -8 1
14 -5 2
14 -4 1
14 -3 1
14 -2 4
14 1 3
15 -21 1
15 -10 1
15 -7 1
15 -4 3
15 -3 5
15 -2 11
15 -1 24
16 -15 1
16 -9 1
16 -8 1
16 -5 2
16 -4 4
16 -3 1
16 -2 4
16 -1 20
16 1 2
17 -29 1
17 -15 1
17 -5 1
17 -3 1
17 -2 13
17 -1 16
17 1 3
18 -6 3
18 -5 2
18 -3 4
18 -2 6
18 -1 22
18 1 3
19 -9 1
19 -4 1
19 -3 4
19 -2 7
19 -1 18
20 -26 1
20 -8 1
20 -7 1
20 -5 2
20 -4 3
20 -3 3
20 -2 4
20 -1 12
20 1 4
21 -8 1
21 -6 1
21 -5 1
21 -2 8
21 -1 27
21 1 1
21 2 1
22 -10 1
22 -5 1
22 -4 2
22 -3 2
22 -2 18
22 -1 83
22 1 3
22 3 1
23 -9 1
23 -8 1
23 -6 2
23 -3 3
23 -2 2
23 -1 11
23 1 4
24 -6 1
24 -5 1
24 -4 1
24 -3 3
24 -2 1
25 -11 1
25 -5 1
25 -4 1
25 -3 6
25 -2 26
25 -1 142
26 -8 1
26 -7 1
26 -6 1
26 -5 1
26 -3 7
26 -2 21
26 -1 127
26 1 3
27 -7 1
27 -5 1
27 -4 2
27 -2 1
27 -1 3
27 1 5
28 -10 1
28 -4 1
28 -3 7
28 -2 6
28 -1 22
29 -9 1
29 -5 1
29 -3 1
29 -2 4
29 -1 10
29 1 4
30 -7 2
30 -4 2
30 -3 4
30 -2 7
30 -1 30
30 1 1
31 -6 1
32 -11 1
32 -8 1
32 -4 3
32 -3 2
33 -4 3
33 -3 2
33 -2 7
34 -9 1
34 -8 2
34 -7 1
34 -6 5
34 -5 1
34 -4 1
34 -3 6
34 -2 32
34 -1 185
35 -11 1
35 -3 1
35 -2 9
35 -1 48
35 1 2
36 -7 1
36 -5 3
36 1 3
37 -10 1
37 -9 1
37 -6 1
37 -5 1
37 -3 4
37 -2 4
37 -1 28
38 -13 1
38 -7 1
38 -5 1
38 -3 4
38 -2 6
38 -1 14
38 1 2
39 -13 1
39 -5 5
39 -4 4
39 -2 5
39 -1 12
40 -30 1
40 -21 1
40 -7 1
40 -5 2
40 -4 2
40 -3 8
40 -2 7
40 -1 2
40 1 4
41 -6 1
41 -5 1
41 -4 1
41 -3 2
41 -2 1
41 -1 21
42 -2 2
42 -1 7
42 1 9
43 -6 2
43 -5 1
43 -3 1
43 -2 5
44 -18 1
44 -3 3
44 -1 21
45 -8 1
45 -3 4
45 -2 4
45 -1 7
45 1 3
46 -10 1
46 -4 3
46 -3 3
46 -2 16
46 -1 68
47 -9 1
47 -6 1
47 -5 1
47 -4 1
47 -1 1
47 1 1
48 -8 1
48 -4 1
48 -3 1
48 -2 3
48 -1 19
49 -8 1
49 -7 1
49 -6 3
49 -5 2
49 -4 1
49 -3 3
49 -2 1
49 -1 8
49 1 3
50 -3 1
50 -2 8
50 -1 7
50 1 3
51 -6 1
51 -2 2
51 -1 18
51 1 1
52 -5 1
52 -4 1
52 -2 1
52 -1 4
52 1 1
53 -19 1
53 -3 1
53 -2 3
53 -1 1
54 -9 1
54 -5 3
54 -3 1
54 -2 7
54 -1 30
55 -6 1
55 -5 1
55 -3 1
55 -2 4
55 -1 10
55 1 1
56 -5 1
56 -4 4
56 -3 1
56 -2 4
56 -1 9
56 1 4
57 -6 1
57 -2 2
57 1 1
58 -5 1
58 -4 1
58 -2 3
58 -1 36
59 -24 1
59 -4 2
59 -3 4
59 -2 4
59 -1 11
59 1 1
60 -5 3
60 -4 3
60 -3 1
60 -2 2
60 1 2
61 -6 1
61 -4 4
61 -3 2
61 -2 8
61 -1 32
62 -11 1
62 -6 1
62 -5 1
62 -4 1
62 -3 1
62 -2 3
62 -1 16
62 1 2
63 -3 1
63 1 6
64 -3 1
65 -6 1
65 -2 4
65 -1 34
66 -5 1
66 -3 1
66 -2 5
66 -1 11
66 1 4
67 -7 1
67 -4 2
67 -3 5
67 -2 3
67 -1 21
67 1 2
68 -8 1
68 -5 4
68 -3 2
69 -14 1
69 -6 1
69 -3 2
69 -2 5
69 -1 1
70 -6 1
70 -3 2
70 -2 10
70 -1 79
71 -5 1
71 -3 3
71 -2 2
71 -1 15
71 1 5
72 -7 1
72 -2 1
72 1 3
73 -4 3
73 -2 9
73 -1 102
74 -9 1
74 -5 2
74 -4 1
74 -3 5
74 -2 10
74 -1 94
74 1 1
75 -4 1
75 -3 2
75 -2 2
75 -1 8
76 -14 2
76 -2 1
76 -1 10
76 1 2
77 -6 2
77 -5 1
77 -2 3
77 -1 72
78 -8 1
78 -6 2
78 -5 1
78 -4 1
78 -2 13
78 -1 24
79 -7 1
79 -6 1
79 -5 1
79 -3 4
79 -2 8
79 -1 77
80 -6 2
80 -5 1
80 -4 6
80 -3 1
80 -2 6
80 -1 30
81 -2 2
81 1 2
82 -8 1
82 -3 2
82 -2 7
82 -1 79
83 -8 1
83 -3 1
83 -2 7
83 -1 98
84 -7 1
84 -6 2
84 -5 1
84 -4 2
85 -2 2
86 -4 2
86 -3 1
86 -2 4
86 -1 52
87 -2 1
87 1 4
88 -2 5
88 -1 130
89 -2 1
89 1 3
90 -1 102
91 1 5
