ROI: mrcA
Phase: 5
Total nodes checked: 589110
Total variants found: 225360
0 C 3
0 T 1
0 N 920
1 G 1
1 N 4670
2 A 1
2 N 1510
3 N 387
4 C 1
4 N 4418
5 A 5
5 T 3
5 N 765
6 C 1
6 N 2125
7 A 4
7 G 1
7 T 1
7 N 986
8 A 1
8 N 1147
9 A 1
9 C 2
9 N 1494
10 A 10
10 G 1
10 T 3
10 N 1594
11 A 6
11 C 2
11 N 838
12 T 3
12 N 1113
13 C 1
13 G 2
13 N 5716
14 T 1
14 N 1280
15 A 1
15 T 2
15 N 1279
16 G 3
16 N 2249
17 A 1
17 C 1
17 T 3
17 N 3664
18 C 2
18 G 1
18 N 1620
19 A 12
19 G 2
19 T 5
19 N 1089
20 A 4
20 C 2
20 N 965
21 G 2
21 T 2
21 N 1714
22 A 2
22 C 1
22 N 675
23 A 4
23 T 2
23 N 1441
24 C 2
24 T 1
24 N 604
25 T 1
25 N 999
26 A 2
26 C 1
26 N 2188
27 A 9
27 T 3
27 N 1062
28 A 31
28 G 1
28 T 2
28 N 1807
29 A 7
29 C 6
29 N 1273
30 A 3
30 G 3
30 T 2
30 N 1501
31 C 3
31 N 783
32 G 1
32 N 1571
33 G 1
33 N 1336
34 C 1
34 N 2090
35 A 6
35 G 1
35 T 1
35 N 417
36 A 1
36 C 3
36 N 900
37 T 1
37 N 1001
38 G 4
38 N 26313
39 C 1
39 T 3
39 N 1045
40 A 6
40 G 3
40 N 679
41 A 8
41 G 1
41 N 1126
42 A 3
42 C 4
42 T 1
42 N 1130
43 G 4
43 N 1028
44 A 1
44 N 632
45 T 6
45 N 627
46 A 4
46 G 1
46 N 1600
47 T 4
47 N 447
48 C 1
48 N 861
49 A 13
49 G 5
49 N 1507
50 A 3
50 C 4
50 N 1506
51 A 4
51 G 4
51 T 2
51 N 1081
52 C 3
52 G 1
52 N 463
53 A 1
53 T 3
53 N 695
54 T 1
54 N 1158
55 C 1
55 G 3
55 N 12983
56 A 1
56 G 1
56 T 3
56 N 2396
57 A 1
57 C 3
57 T 1
57 N 471
58 T 1
58 N 559
59 G 4
59 N 4853
60 T 2
60 N 524
61 C 1
61 T 1
61 N 826
62 G 2
62 T 2
62 N 1350
63 C 2
63 N 680
64 N 624
65 G 1
65 N 1080
66 A 1
66 T 2
66 N 567
67 G 2
67 T 1
67 N 6649
68 A 2
68 N 1161
69 N 650
70 C 1
70 N 1552
71 A 9
71 T 2
71 N 1082
72 C 2
72 N 3652
73 T 1
73 N 827
74 A 1
74 C 1
74 N 1043
75 A 11
75 G 1
75 T 1
75 N 61471
76 C 1
76 G 1
76 N 1169
77 A 2
77 N 604
78 G 2
78 N 966
79 A 1
79 C 1
79 N 572
80 A 9
80 G 1
80 N 830
81 C 1
81 G 1
81 N 655
82 G 1
82 N 1381
83 A 1
83 T 1
83 N 434
84 G 1
84 N 3985
85 N 577
86 A 1
86 N 746
87 T 1
87 N 557
88 C 1
88 N 995
89 A 5
89 N 255
90 A 15
90 N 2286
0 -5 1
0 -3 2
0 -2 5
0 -1 11
1 -7 1
1 -3 1
1 -2 3
1 -1 4
2 -2 1
2 -1 3
2 1 1
3 -9 1
3 -5 1
3 -4 2
3 -2 2
4 -7 1
4 -6 1
4 -4 3
4 -3 2
4 -2 4
4 -1 18
5 -9 1
5 -4 1
5 -3 3
5 -2 2
5 -1 14
6 -4 1
6 -3 1
6 -2 1
6 -1 3
6 1 1
7 -3 1
7 -2 1
7 -1 3
7 1 1
8 1 1
9 -3 1
9 -2 4
9 -1 8
10 -8 1
10 -6 1
10 -1 10
10 1 1
11 -3 1
11 -2 3
11 -1 4
12 -5 1
12 -3 1
12 -1 8
13 -4 1
13 -1 3
13 1 5
14 -5 1
15 -3 1
15 -2 2
15 -1 9
16 -8 1
16 -3 1
16 -1 3
17 -6 1
17 -1 2
18 -3 4
18 -1 4
19 -1 2
19 1 1
20 -4 1
20 -3 1
20 -2 1
20 -1 1
21 -3 1
21 -2 1
21 -1 7
22 -10 1
22 -3 1
22 -2 3
22 -1 13
23 -4 1
23 -3 1
23 -1 1
23 1 2
24 -4 1
25 -4 1
25 -3 3
25 -2 4
25 -1 27
26 -11 1
26 -10 1
26 -8 1
26 -5 2
26 -3 2
26 -2 7
26 -1 31
27 -4 1
28 -3 2
28 -2 1
28 -1 6
29 -1 2
29 1 3
30 -4 2
30 -2 2
30 -1 10
33 -10 1
34 -9 1
34 -6 1
34 -5 2
34 -4 1
34 -3 1
34 -2 7
34 -1 38
35 -8 1
35 -7 1
35 -3 3
35 -2 3
35 -1 12
37 -6 1
37 -3 1
37 -2 1
37 -1 6
38 -2 2
38 -1 1
39 -6 1
39 -5 1
39 -2 2
39 -1 3
40 -6 1
40 -5 1
40 -1 1
41 -9 1
41 -2 1
41 -1 3
42 -5 1
42 -2 1
42 -1 4
42 1 2
42 2 1
43 -6 1
43 -4 1
43 -2 1
44 -4 1
44 -3 2
44 -2 1
44 -1 9
45 -10 1
45 -2 2
45 -1 1
46 -5 1
46 -4 1
46 -2 4
46 -1 12
46 1 1
47 -2 2
48 -7 1
48 -2 1
48 -1 8
49 -14 1
49 -2 1
49 -1 1
50 -2 3
50 -1 1
51 -2 1
51 -1 4
52 -5 1
52 -1 2
53 -3 1
53 -2 1
54 -2 1
54 -1 7
55 -3 1
55 -2 1
56 -2 1
56 -1 2
57 -2 1
57 1 1
58 -6 1
58 -4 2
58 -2 1
58 -1 8
59 -3 2
59 -2 3
59 -1 6
59 1 2
60 -4 2
60 -2 1
61 -9 1
61 -2 3
61 -1 7
62 -8 2
62 -5 1
62 -3 2
62 -1 3
65 -2 1
65 -1 6
66 -2 4
66 -1 1
66 1 1
67 -10 1
67 -3 2
67 -2 1
67 -1 4
70 -5 1
70 -3 1
70 -2 1
70 -1 19
71 -2 1
71 -1 1
71 1 3
72 -3 1
72 1 1
73 -3 1
73 -2 7
73 -1 22
74 -9 1
74 -6 1
74 -2 2
74 -1 30
75 -1 4
75 1 1
76 -1 5
77 -11 1
77 -7 1
77 -5 1
77 -3 1
77 -1 9
78 -2 3
78 -1 8
79 -3 1
79 -2 2
79 -1 11
80 -5 1
80 -3 1
80 -2 1
80 -1 8
82 -2 2
82 -1 12
83 -3 1
83 -2 1
83 -1 12
84 -6 1
84 -5 1
84 -4 1
85 -3 1
85 -2 1
86 -1 11
87 1 3
88 -3 1
88 -2 1
88 -1 23
89 1 1
90 -1 24
91 1 3
