ROI: mrcA
Phase: 2
Total nodes checked: 273871
Total variants found: 124679
0 T 2
0 N 487
1 G 1
1 N 2658
2 A 2
2 N 1009
3 N 266
4 C 1
4 N 2867
5 A 4
5 T 3
5 N 564
6 C 2
6 N 1258
7 A 4
7 G 1
7 T 4
7 N 254
8 C 2
8 N 463
9 A 1
9 C 1
9 N 819
10 A 1
10 G 3
10 T 1
10 N 801
11 C 4
11 N 426
12 G 2
12 T 2
12 N 362
13 C 2
13 G 1
13 N 6873
14 A 1
14 T 2
14 N 365
15 T 1
15 N 827
16 G 4
16 N 1602
17 T 4
17 N 739
18 C 2
18 G 2
18 N 681
19 G 2
19 T 2
19 N 506
20 A 2
20 C 2
20 N 2359
21 G 3
21 T 3
21 N 750
22 A 2
22 C 2
22 N 509
23 A 2
23 T 2
23 N 394
24 C 2
24 N 303
25 T 2
25 N 558
26 A 2
26 C 2
26 N 1372
27 A 2
27 T 3
27 N 303
28 A 2
28 G 2
28 N 729
29 C 4
29 N 499
30 A 2
30 G 2
30 N 858
31 C 2
31 N 343
32 N 430
33 N 499
34 C 1
34 N 1447
35 A 3
35 G 1
35 N 277
36 C 1
36 N 542
37 T 2
37 N 1168
38 G 2
38 N 2117
39 C 2
39 N 480
40 N 314
41 A 1
41 G 2
41 N 1257
42 T 2
42 N 275
43 N 1062
44 A 2
44 N 380
45 T 1
45 N 476
46 G 1
46 N 506
47 N 320
48 C 2
48 N 663
49 A 3
49 G 1
49 T 1
49 N 1080
50 C 1
50 N 265
51 A 1
51 T 1
51 N 795
52 G 1
52 N 14295
53 N 804
54 T 1
54 N 459
55 C 1
55 N 1013
56 A 1
56 G 1
56 N 496
57 A 1
57 T 1
57 N 440
58 T 1
58 N 204
59 G 1
59 N 21993
60 N 222
61 N 324
62 N 1020
63 N 586
64 N 386
65 N 328
66 N 2825
67 N 1558
68 C 1
68 N 864
69 N 310
70 N 529
71 A 1
71 N 15885
72 N 847
73 G 1
73 N 602
74 N 962
75 A 1
75 N 587
76 N 392
77 N 272
78 N 724
79 N 725
80 A 4
80 N 1593
81 N 419
82 N 807
83 N 225
84 N 1533
85 N 479
86 N 456
87 N 286
88 G 1
88 N 685
89 A 3
89 N 194
90 A 3
90 T 1
90 N 512
0 -6 1
0 -5 1
0 -3 1
0 -2 5
0 -1 8
1 -2 1
1 -1 3
1 1 1
2 -2 1
2 -1 2
3 -4 1
3 -2 1
4 -4 1
4 -2 2
4 -1 11
5 -3 3
5 -2 3
5 -1 9
6 -6 1
6 -2 2
6 -1 1
7 -2 1
7 -1 2
8 -1 1
9 -2 1
9 -1 3
10 -8 1
10 -3 1
10 -1 4
11 -5 1
11 -3 1
11 -1 3
12 -3 1
12 -1 4
13 -2 1
13 -1 1
14 -8 2
15 -4 2
15 -1 5
16 -15 1
16 -4 2
16 -1 3
17 -2 4
17 -1 1
18 -7 1
18 -1 2
19 -1 3
20 -4 1
20 -3 1
21 -7 1
21 -5 1
21 -3 1
21 -1 2
22 -6 1
22 -5 1
22 -3 1
22 -2 6
22 -1 11
23 -3 1
23 -2 1
23 -1 1
24 -5 1
24 -4 2
25 -10 1
25 -5 1
25 -3 1
25 -2 2
25 -1 10
26 -2 3
26 -1 13
28 -4 2
28 -3 1
28 -1 3
29 -3 1
29 -2 1
29 -1 1
29 1 1
30 -4 1
30 -2 2
30 -1 1
32 -10 1
32 -3 1
33 -3 1
33 -2 2
34 -5 1
34 -4 1
34 -3 1
34 -2 4
34 -1 26
35 -9 1
35 -3 1
35 -2 2
35 -1 8
35 1 1
37 -6 1
37 -3 2
37 -2 2
37 -1 7
38 -5 1
38 -3 1
38 -1 1
39 -5 1
39 -4 1
39 -1 1
40 -8 1
40 -2 1
41 -1 3
42 -1 1
42 1 2
43 -5 1
44 -2 1
44 -1 8
45 -4 1
46 -10 1
46 -8 1
46 -4 1
46 -3 3
46 -2 2
46 -1 6
47 -5 1
48 -4 1
48 -3 1
48 -2 1
48 -1 6
49 -6 3
49 -5 1
49 -4 1
49 -2 1
49 -1 1
50 -2 1
50 -1 1
51 -1 2
52 1 1
53 -4 1
53 -2 1
54 -2 2
54 -1 2
55 -5 1
55 -2 1
55 -1 2
56 -5 1
56 -4 1
58 -6 1
58 -1 3
59 -1 3
60 -4 1
60 1 1
61 -4 1
61 -3 1
61 -1 7
62 -8 1
62 -5 1
62 -3 1
62 -1 4
65 -1 1
66 -5 1
66 -3 1
66 -1 1
67 -2 1
67 -1 4
69 -4 1
69 -3 1
69 -2 1
70 -6 1
70 -2 2
70 -1 1
71 -2 1
71 -1 3
72 1 1
73 -4 1
73 -2 2
73 -1 14
74 -3 2
74 -2 2
74 -1 9
75 -12 1
75 -8 1
75 -1 2
77 -12 1
77 -4 1
77 -1 6
78 -6 1
78 -2 2
78 -1 2
79 -6 1
79 -5 1
79 -1 5
80 -5 1
80 -4 3
80 -3 1
80 -2 1
80 -1 2
82 -2 2
82 -1 14
83 -2 2
83 -1 13
84 -3 1
86 -4 1
86 -3 1
86 -1 5
87 -4 1
88 -2 2
88 -1 22
90 -1 19
