ROI: mrcA
Phase: 4
Total nodes checked: 498548
Total variants found: 153604
0 N 748
1 N 3486
2 A 2
2 N 1631
3 G 1
3 N 571
4 N 2243
5 A 3
5 T 2
5 N 945
6 N 3325
7 A 17
7 T 1
7 N 2684
8 A 3
8 C 2
8 T 1
8 N 946
9 A 1
9 C 1
9 N 1218
10 A 14
10 G 2
10 N 858
11 A 1
11 C 4
11 N 1607
12 G 2
12 T 1
12 N 1151
13 C 2
13 N 4762
14 A 1
14 T 2
14 N 861
15 A 1
15 C 1
15 N 1509
16 G 2
16 N 1881
17 A 2
17 T 2
17 N 1189
18 G 2
18 N 9696
19 A 7
19 T 3
19 N 4539
20 A 1
20 C 2
20 T 1
20 N 748
21 G 2
21 N 1700
22 A 2
22 N 7839
23 A 2
23 T 4
23 N 861
24 C 2
24 N 515
25 N 1369
26 A 2
26 C 1
26 N 1501
27 A 12
27 T 3
27 N 304
28 A 42
28 G 1
28 T 1
28 N 1715
29 A 8
29 C 3
29 N 1040
30 A 2
30 G 2
30 T 2
30 N 906
31 C 2
31 N 668
32 N 1059
33 G 1
33 N 2189
34 C 2
34 N 4883
35 A 6
35 G 2
35 N 448
36 A 1
36 C 2
36 N 1251
37 A 1
37 T 2
37 N 1594
38 G 4
38 N 11375
39 C 2
39 T 2
39 N 588
40 A 10
40 G 2
40 T 1
40 N 812
41 A 5
41 G 2
41 T 1
41 N 987
42 A 8
42 C 3
42 T 1
42 N 501
43 G 3
43 N 1069
44 A 1
44 N 793
45 T 4
45 N 556
46 A 3
46 G 1
46 N 1104
47 T 2
47 N 1421
48 C 1
48 N 1052
49 A 23
49 G 4
49 T 1
49 N 1170
50 A 2
50 C 4
50 N 713
51 A 3
51 G 3
51 T 1
51 N 1644
52 C 3
52 G 1
52 N 600
53 A 1
53 T 3
53 N 1035
54 T 1
54 N 1651
55 C 1
55 G 3
55 N 1887
56 A 8
56 T 3
56 N 1364
57 A 1
57 C 3
57 T 1
57 N 1496
58 N 925
59 G 3
59 N 3123
60 C 1
60 T 3
60 N 585
61 N 717
62 G 3
62 N 900
63 C 3
63 N 772
64 N 563
65 N 1045
66 T 3
66 N 1125
67 G 3
67 N 2924
68 A 3
68 N 701
69 N 1118
70 N 2194
71 A 4
71 T 4
71 N 1199
72 C 3
72 N 716
73 G 1
73 N 3439
74 A 3
74 N 1062
75 A 16
75 T 3
75 N 2776
76 C 3
76 N 880
77 A 4
77 N 1346
78 G 3
78 N 2662
79 A 2
79 N 503
80 A 9
80 G 2
80 N 845
81 C 1
81 N 743
82 N 1049
83 N 567
84 N 3282
85 N 732
86 N 717
87 N 1127
88 N 977
89 A 4
89 N 742
90 A 22
90 T 1
90 N 2220
0 -3 1
0 -1 7
0 1 1
1 -3 1
1 -2 1
1 -1 5
2 -3 1
2 -1 3
3 -7 1
3 -4 1
3 -3 1
4 -12 1
4 -3 1
4 -2 4
4 -1 12
5 -3 1
5 -2 5
5 -1 8
6 -3 1
6 -2 1
6 -1 1
7 -4 2
7 -2 3
7 -1 6
7 1 2
8 -10 1
8 -2 1
8 1 2
9 -4 2
9 -3 1
9 -2 2
9 -1 6
10 -3 1
10 -2 1
10 -1 2
11 -2 3
11 -1 2
12 -6 1
12 -3 1
12 -1 6
13 -1 1
13 1 1
14 -1 1
15 -3 1
15 -2 1
15 -1 5
16 -3 1
16 -2 1
16 -1 4
17 -6 2
17 -2 1
17 -1 3
18 -9 1
18 -6 1
18 -5 1
18 -2 2
18 -1 3
19 -2 1
19 -1 1
19 3 1
20 -2 2
20 -1 6
21 -8 1
21 -1 5
22 -3 1
22 -2 1
22 -1 10
23 -2 1
23 -1 2
24 -7 1
24 -6 1
24 -5 1
24 -4 1
24 -3 1
24 -2 1
25 -6 1
25 -2 6
25 -1 16
26 -9 1
26 -8 1
26 -2 7
26 -1 17
26 1 2
27 -4 2
27 -2 1
28 -3 2
28 -2 1
28 -1 5
29 -6 1
29 -1 6
30 -3 2
30 -1 5
31 -1 1
33 -10 1
34 -4 1
34 -3 3
34 -2 4
34 -1 43
35 -2 2
35 -1 11
37 -2 1
37 -1 6
38 -1 1
40 -6 1
40 -3 2
41 -3 1
41 -1 4
42 1 1
43 -7 1
43 -5 1
43 -2 1
44 -1 6
45 -4 1
45 -1 3
46 -5 1
46 -3 1
46 -2 1
46 -1 13
48 -1 8
49 -6 1
49 -5 2
49 -2 1
49 -1 1
49 1 1
50 -2 3
50 -1 2
51 -1 1
52 -2 1
52 -1 1
52 1 1
54 -2 1
54 -1 5
55 -5 1
55 -1 2
56 -2 1
56 1 1
57 -2 1
57 2 1
58 -2 1
58 -1 7
59 -3 3
59 -2 2
59 1 1
61 -5 2
61 -4 2
61 -3 1
61 -2 2
61 -1 5
62 -2 1
62 -1 2
64 -11 1
64 -9 1
64 -7 1
65 -1 14
66 -5 1
66 -3 1
66 -2 1
66 -1 1
66 1 1
67 -4 2
67 -3 1
67 -1 4
68 1 2
69 -10 1
70 -1 9
71 -3 1
71 -1 6
71 1 1
73 -10 1
73 -2 1
73 -1 17
74 -5 1
74 -3 1
74 -2 3
74 -1 19
75 -3 1
75 -2 1
75 -1 1
76 -1 3
77 -11 1
77 -1 10
78 -2 2
78 -1 4
79 -6 1
79 -3 1
79 -2 1
79 -1 11
80 -5 1
80 -4 1
80 -3 1
80 -2 2
80 -1 4
82 -2 1
82 -1 16
83 -4 1
83 -2 1
83 -1 20
84 1 1
86 -1 6
88 -1 14
90 -1 18
