ROI: mrcA
Phase: 4
Total nodes checked: 1069514
Total variants found: 279658
0 C 1
0 T 3
0 N 1321
1 N 6270
2 A 2
2 C 1
2 N 2898
3 G 2
3 N 1055
4 C 1
4 G 1
4 N 4169
5 A 13
5 G 1
5 T 4
5 N 1745
6 C 2
6 N 6043
7 A 32
7 G 1
7 T 1
7 N 4998
8 A 6
8 C 3
8 T 1
8 N 1738
9 A 2
9 C 2
9 T 1
9 N 2214
10 A 39
10 G 4
10 N 1558
11 A 7
11 C 6
11 T 1
11 N 2942
12 A 4
12 G 3
12 T 4
12 N 2084
13 C 3
13 G 1
13 N 8726
14 A 2
14 T 4
14 N 1615
15 A 1
15 C 1
15 T 1
15 N 2722
16 G 4
16 N 3420
17 A 2
17 T 6
17 N 2179
18 C 1
18 G 3
18 N 17460
19 A 28
19 G 1
19 T 4
19 N 8367
20 A 5
20 C 3
20 T 1
20 N 1411
21 G 3
21 T 1
21 N 3054
22 A 4
22 C 1
22 N 14358
23 A 10
23 T 8
23 N 1619
24 C 2
24 N 993
25 T 1
25 N 2481
26 A 2
26 C 2
26 N 2747
27 A 33
27 T 5
27 N 557
28 A 121
28 G 2
28 T 1
28 N 3125
29 A 23
29 C 5
29 T 1
29 N 1883
30 A 15
30 G 2
30 T 2
30 N 1655
31 C 2
31 N 1233
32 G 1
32 N 1888
33 G 2
33 T 1
33 N 4007
34 C 3
34 N 8841
35 A 14
35 G 4
35 N 899
36 A 4
36 C 2
36 N 2328
37 A 1
37 T 5
37 N 2868
38 G 5
38 N 20976
39 C 3
39 T 2
39 N 1042
40 A 25
40 G 2
40 T 2
40 N 1432
41 A 32
41 G 3
41 T 1
41 N 1734
42 A 19
42 C 3
42 T 2
42 N 950
43 G 4
43 N 1910
44 A 2
44 N 1393
45 T 6
45 N 979
46 A 4
46 G 2
46 N 1907
47 T 3
47 N 2551
48 C 2
48 N 1905
49 A 70
49 G 7
49 T 1
49 N 2101
50 A 8
50 C 6
50 N 1272
51 A 8
51 G 4
51 T 1
51 N 3112
52 C 5
52 G 1
52 N 1066
53 A 3
53 T 5
53 N 1859
54 A 1
54 T 1
54 N 3022
55 C 1
55 G 4
55 N 3438
56 A 20
56 T 3
56 N 2544
57 A 8
57 C 3
57 T 1
57 N 2654
58 N 1703
59 G 3
59 N 5680
60 C 1
60 T 3
60 N 1035
61 A 1
61 N 1244
62 G 3
62 N 1699
63 C 3
63 N 1367
64 N 998
65 N 1868
66 A 1
66 T 3
66 N 2085
67 G 4
67 N 5366
68 A 3
68 N 1260
69 N 2081
70 C 1
70 N 3888
71 A 23
71 G 1
71 T 4
71 N 2312
72 C 3
72 N 1264
73 G 1
73 T 1
73 N 6167
74 A 3
74 C 1
74 N 1975
75 A 38
75 G 1
75 T 3
75 N 5020
76 C 3
76 G 2
76 N 1547
77 A 5
77 N 2470
78 G 4
78 N 4773
79 A 2
79 C 1
79 N 951
80 A 31
80 G 2
80 T 1
80 N 1531
81 C 1
81 N 1336
82 N 1958
83 N 975
84 N 5867
85 N 1334
86 N 1295
87 N 2034
88 N 1761
89 A 14
89 N 1310
90 A 60
90 T 1
90 N 3943
0 -3 2
0 -2 1
0 -1 21
0 1 1
1 -3 1
1 -2 1
1 -1 8
2 -3 2
2 -1 4
3 -7 1
3 -4 2
3 -3 1
3 -2 1
4 -12 1
4 -3 1
4 -2 10
4 -1 30
5 -4 2
5 -3 2
5 -2 10
5 -1 23
6 -3 1
6 -2 1
6 -1 4
6 1 1
7 -4 2
7 -2 3
7 -1 9
7 1 2
8 -10 1
8 -2 2
8 -1 1
8 1 2
9 -4 2
9 -3 2
9 -2 4
9 -1 15
10 -3 1
10 -2 1
10 -1 7
11 -2 5
11 -1 6
12 -6 1
12 -4 1
12 -3 1
12 -2 1
12 -1 7
12 1 1
13 -1 4
13 1 1
14 -2 2
14 -1 1
15 -3 2
15 -2 1
15 -1 12
16 -4 2
16 -3 2
16 -2 1
16 -1 6
17 -6 2
17 -3 1
17 -2 7
17 -1 4
18 -9 1
18 -6 1
18 -5 1
18 -2 2
18 -1 7
19 -2 1
19 -1 4
19 1 1
19 3 1
20 -2 4
20 -1 7
20 1 2
21 -8 1
21 -1 7
22 -10 1
22 -3 2
22 -2 6
22 -1 19
23 -2 2
23 -1 3
24 -7 1
24 -6 1
24 -5 1
24 -4 1
24 -3 2
24 -2 2
24 1 2
25 -6 1
25 -2 11
25 -1 33
26 -9 1
26 -8 1
26 -6 1
26 -4 1
26 -2 9
26 -1 42
26 1 2
27 -4 3
27 -2 1
28 -11 1
28 -3 3
28 -2 2
28 -1 7
29 -6 1
29 -2 1
29 -1 8
29 1 1
30 -3 3
30 -1 12
30 1 1
31 -1 1
32 -6 1
33 -10 1
33 -3 1
34 -4 1
34 -3 3
34 -2 9
34 -1 72
34 2 1
35 -2 3
35 -1 24
35 1 2
37 -6 1
37 -2 1
37 -1 10
38 -2 1
38 -1 3
38 1 1
39 -5 1
39 -2 2
39 -1 1
39 1 1
40 -6 1
40 -5 1
40 -3 3
40 1 1
41 -3 1
41 -2 1
41 -1 9
42 -1 2
42 1 2
43 -7 1
43 -5 2
43 -2 1
44 -1 6
45 -4 1
45 -2 1
45 -1 6
46 -5 1
46 -4 2
46 -3 1
46 -2 3
46 -1 22
47 -4 1
47 -2 1
47 1 1
48 -2 2
48 -1 14
49 -6 1
49 -5 2
49 -2 1
49 -1 1
49 1 1
50 -2 4
50 -1 5
51 -2 1
51 -1 5
52 -2 1
52 -1 2
52 1 1
53 -11 1
54 -2 1
54 -1 7
55 -5 1
55 -3 1
55 -1 5
56 -4 1
56 -2 1
56 -1 4
56 1 1
57 -2 1
57 2 1
58 -5 1
58 -2 1
58 -1 12
59 -3 3
59 -2 3
59 -1 2
59 1 1
60 -2 1
61 -5 2
61 -4 2
61 -3 1
61 -2 3
61 -1 9
62 -4 2
62 -3 1
62 -2 1
62 -1 6
64 -11 1
64 -9 1
64 -7 1
64 -2 2
65 -2 1
65 -1 16
66 -9 1
66 -5 1
66 -3 1
66 -2 1
66 -1 2
66 1 1
67 -4 3
67 -3 3
67 -2 1
67 -1 9
67 1 1
68 1 2
69 -10 1
70 -2 5
70 -1 25
71 -3 2
71 -1 9
71 1 4
72 -5 1
73 -10 1
73 -4 1
73 -2 7
73 -1 36
74 -6 1
74 -5 1
74 -3 1
74 -2 5
74 -1 30
74 1 1
75 -3 1
75 -2 1
75 -1 1
76 -2 1
76 -1 6
77 -11 1
77 -3 1
77 -1 25
77 1 1
78 -2 3
78 -1 7
79 -6 1
79 -3 1
79 -2 1
79 -1 24
80 -7 1
80 -5 1
80 -4 2
80 -3 1
80 -2 3
80 -1 8
81 -3 1
81 -2 1
82 -2 1
82 -1 26
83 -4 1
83 -3 1
83 -2 2
83 -1 33
83 1 1
84 1 1
85 -5 1
86 -2 1
86 -1 10
87 1 1
88 -1 28
90 -1 32
