ROI: mrcA
Phase: 1
Total nodes checked: 4525170
Total variants found: 1084374
0 A 12
0 C 3
0 T 18
0 N 5568
1 C 2
1 G 2
1 N 16624
2 A 8
2 C 5
2 T 2
2 N 7343
3 G 5
3 T 1
3 N 3342
4 C 2
4 G 3
4 N 27013
5 A 49
5 T 34
5 N 9039
6 A 1
6 C 11
6 G 1
6 N 12065
7 A 86
7 G 8
7 T 25
7 N 4912
8 A 18
8 C 11
8 T 1
8 N 5843
9 A 13
9 C 17
9 N 7665
10 A 93
10 G 16
10 T 21
10 N 28973
11 A 21
11 C 23
11 T 2
11 N 5993
12 A 14
12 G 9
12 T 27
12 N 28352
13 A 1
13 C 10
13 G 11
13 N 49344
14 A 10
14 C 6
14 T 10
14 N 12161
15 A 5
15 C 8
15 T 14
15 N 10008
16 A 1
16 G 26
16 N 16184
17 A 5
17 C 8
17 T 26
17 N 9110
18 C 11
18 G 14
18 N 10428
19 A 72
19 G 13
19 T 22
19 N 7004
20 A 36
20 C 24
20 T 4
20 N 6626
21 C 1
21 G 18
21 T 15
21 N 29441
22 A 16
22 C 14
22 G 1
22 N 9702
23 A 63
23 G 1
23 T 30
23 N 5290
24 C 18
24 G 1
24 N 4369
25 G 4
25 T 14
25 N 8470
26 A 18
26 C 15
26 N 7509
27 A 76
27 G 2
27 T 37
27 N 2997
28 A 223
28 G 15
28 T 14
28 N 15248
29 A 56
29 C 32
29 T 2
29 N 5917
30 A 86
30 G 19
30 T 9
30 N 5673
31 C 19
31 G 1
31 N 8380
32 N 5900
33 G 4
33 T 1
33 N 9091
34 C 16
34 G 1
34 N 18190
35 A 57
35 G 15
35 T 9
35 N 5094
36 A 17
36 C 17
36 T 1
36 N 3456
37 A 1
37 C 1
37 T 15
37 N 36004
38 G 32
38 N 16015
39 A 2
39 C 15
39 T 18
39 N 7940
40 A 86
40 G 16
40 T 6
40 N 6369
41 A 166
41 G 15
41 T 11
41 N 7341
42 A 30
42 C 17
42 T 14
42 N 4834
43 C 1
43 G 17
43 N 8645
44 A 13
44 C 1
44 N 5236
45 G 1
45 T 31
45 N 3789
46 A 18
46 G 13
46 N 6190
47 A 2
47 T 20
47 N 5517
48 A 8
48 C 12
48 T 1
48 N 6105
49 A 109
49 G 31
49 T 7
49 N 11203
50 A 27
50 C 31
50 T 3
50 N 8885
51 A 65
51 G 21
51 T 18
51 N 10531
52 C 20
52 G 10
52 N 5361
53 A 6
53 C 1
53 T 19
53 N 4353
54 A 2
54 T 10
54 N 13171
55 C 10
55 G 20
55 N 15994
56 A 79
56 G 10
56 T 24
56 N 8993
57 A 25
57 C 22
57 N 4628
58 A 3
58 C 1
58 T 10
58 N 7007
59 C 1
59 G 31
59 N 145359
60 A 2
60 C 1
60 T 20
60 N 18255
61 C 9
61 N 5391
62 A 2
62 G 22
62 T 10
62 N 7176
63 C 22
63 N 6214
64 N 4656
65 G 10
65 N 6342
66 A 13
66 T 24
66 N 6833
67 G 23
67 T 10
67 N 10612
68 A 22
68 N 6736
69 N 7269
70 C 7
70 N 7067
71 A 86
71 G 2
71 T 22
71 N 12393
72 C 21
72 G 2
72 N 26696
73 G 2
73 T 7
73 N 17751
74 A 18
74 C 7
74 N 11794
75 A 94
75 T 18
75 N 4598
76 C 16
76 G 7
76 N 39332
77 A 23
77 N 2443
78 G 20
78 N 6058
79 A 17
79 C 3
79 T 1
79 N 3243
80 A 122
80 G 12
80 T 4
80 N 12670
81 C 10
81 N 12332
82 G 7
82 N 9522
83 A 7
83 T 4
83 N 3033
84 G 3
84 N 10186
85 G 1
85 N 3915
86 A 4
86 N 7324
87 T 4
87 N 4897
88 C 3
88 G 2
88 N 9175
89 A 37
89 G 2
89 T 5
89 N 1978
90 A 113
90 G 1
90 T 6
90 N 10932
0 -19 1
0 -7 2
0 -6 1
0 -5 3
0 -4 3
0 -3 3
0 -2 19
0 -1 102
0 1 8
0 2 1
1 -8 2
1 -7 1
1 -5 1
1 -4 2
1 -3 3
1 -2 15
1 -1 42
1 1 3
1 3 1
2 -10 1
2 -5 1
2 -4 2
2 -3 6
2 -2 7
2 -1 26
2 1 11
2 2 1
2 3 1
3 -7 1
3 -6 1
3 -5 2
3 -4 3
3 -3 4
3 -2 5
3 -1 1
3 1 4
3 2 2
4 -11 1
4 -7 2
4 -6 1
4 -3 3
4 -2 29
4 -1 139
5 -5 1
5 -4 2
5 -3 12
5 -2 20
5 -1 169
5 1 4
5 5 1
6 -5 1
6 -4 1
6 -3 3
6 -2 8
6 -1 24
6 1 11
6 2 1
6 4 1
7 -25 1
7 -4 3
7 -3 1
7 -2 10
7 -1 29
7 1 7
8 -3 1
8 -2 6
8 -1 2
8 1 13
8 2 2
8 3 1
9 -10 1
9 -4 1
9 -3 4
9 -2 6
9 -1 51
10 -7 1
10 -6 1
10 -5 2
10 -4 1
10 -3 6
10 -2 10
10 -1 41
10 1 7
11 -7 1
11 -3 3
11 -2 11
11 -1 21
11 1 17
12 -9 1
12 -7 1
12 -5 2
12 -4 2
12 -3 8
12 -2 10
12 -1 30
12 1 4
12 3 2
13 -15 1
13 -6 1
13 -4 1
13 -3 1
13 -2 3
13 -1 22
13 1 15
13 2 1
14 -8 2
14 -5 2
14 -4 1
14 -2 3
14 -1 2
14 1 3
14 2 1
15 -9 1
15 -4 2
15 -3 8
15 -2 6
15 -1 61
16 -5 3
16 -4 1
16 -3 2
16 -2 5
16 -1 34
16 1 2
16 7 1
17 -13 1
17 -7 1
17 -4 1
17 -2 17
17 -1 31
17 1 9
18 -4 1
18 -3 6
18 -2 9
18 -1 43
18 1 4
18 3 1
19 -5 1
19 -3 2
19 -2 4
19 -1 19
19 1 5
19 2 1
20 -7 1
20 -6 1
20 -4 2
20 -2 8
20 -1 16
20 1 11
21 -5 1
21 -3 1
21 -2 11
21 -1 44
21 1 4
21 4 1
22 -8 1
22 -7 1
22 -5 2
22 -4 1
22 -3 7
22 -2 26
22 -1 147
22 1 5
23 -10 1
23 -3 1
23 -2 9
23 -1 24
23 1 6
24 -6 1
24 -4 2
24 -3 1
24 -2 1
24 1 14
25 -9 1
25 -6 1
25 -5 1
25 -4 2
25 -3 2
25 -2 32
25 -1 190
25 2 1
26 -7 1
26 -5 2
26 -4 3
26 -3 2
26 -2 29
26 -1 223
26 1 4
27 -4 5
27 -2 5
27 -1 2
27 1 9
28 -15 1
28 -4 1
28 -3 2
28 -2 1
28 -1 40
29 -7 1
29 -4 1
29 -3 1
29 -2 7
29 -1 24
29 1 8
30 -13 1
30 -4 3
30 -3 7
30 -2 9
30 -1 42
30 1 1
31 -8 1
31 -5 1
31 -2 1
31 -1 1
31 1 5
32 -7 1
32 -3 4
32 -1 1
33 -7 4
33 -5 1
33 -4 1
33 -3 2
33 -2 10
34 -12 1
34 -7 2
34 -5 3
34 -4 5
34 -3 2
34 -2 30
34 -1 292
35 -11 2
35 -8 1
35 -7 1
35 -3 1
35 -2 12
35 -1 84
35 1 15
36 -5 3
36 -2 1
36 -1 2
36 1 9
37 -7 1
37 -5 3
37 -4 5
37 -3 3
37 -2 12
37 -1 41
38 -4 4
38 -3 5
38 -2 8
38 -1 16
38 1 11
39 -6 2
39 -5 4
39 -4 1
39 -3 2
39 -2 4
39 -1 25
39 1 2
40 -7 1
40 -5 5
40 -4 1
40 -3 8
40 -2 9
40 -1 3
40 1 1
41 -3 2
41 -2 7
41 -1 34
42 -4 1
42 -3 3
42 -2 5
42 -1 15
42 1 16
43 -8 1
43 -7 1
43 -6 3
43 -5 1
43 -2 6
43 1 2
44 -3 3
44 -2 4
44 -1 34
45 -6 1
45 -4 3
45 -2 8
45 -1 18
45 1 11
46 -4 2
46 -3 4
46 -2 14
46 -1 85
46 1 1
46 2 1
47 -8 1
47 -5 2
47 -2 2
47 1 3
48 -14 1
48 -4 2
48 -3 9
48 -2 5
48 -1 42
48 2 1
49 -6 1
49 -5 1
49 -4 4
49 -3 5
49 -2 1
49 -1 28
49 1 11
50 -5 1
50 -3 1
50 -2 13
50 -1 16
50 1 6
51 -6 1
51 -4 2
51 -3 3
51 -2 7
51 -1 26
51 1 3
52 -5 1
52 -2 1
52 -1 12
52 1 4
53 -2 2
53 1 1
54 -5 1
54 -3 3
54 -2 8
54 -1 49
55 -7 1
55 -6 1
55 -4 1
55 -3 6
55 -2 12
55 -1 27
55 1 2
56 -21 1
56 -8 2
56 -4 3
56 -2 3
56 -1 15
56 1 5
57 -2 1
57 -1 1
57 1 8
57 2 1
58 -11 1
58 -6 1
58 -5 3
58 -4 1
58 -2 4
58 -1 38
59 -8 1
59 -3 5
59 -2 10
59 -1 15
59 1 5
59 3 1
60 -16 1
60 -6 1
60 -5 2
60 -4 3
60 -3 2
60 -2 2
60 1 8
61 -12 1
61 -9 2
61 -6 2
61 -4 1
61 -3 2
61 -2 7
61 -1 46
62 -9 1
62 -8 1
62 -5 1
62 -4 2
62 -3 3
62 -2 8
62 -1 27
62 1 4
63 -3 1
63 1 8
64 -3 2
64 -2 2
65 -3 2
65 -2 5
65 -1 41
66 -21 1
66 -6 1
66 -4 1
66 -3 2
66 -2 8
66 -1 23
66 1 12
67 -4 1
67 -2 9
67 -1 26
67 1 1
68 -11 1
68 -4 1
68 -3 1
68 1 2
69 -6 1
69 -3 3
69 -2 6
70 -4 1
70 -3 4
70 -2 13
70 -1 103
71 -3 1
71 -2 2
71 -1 15
71 1 7
72 -7 1
72 -2 2
72 -1 1
72 1 5
73 -4 6
73 -3 1
73 -2 10
73 -1 124
74 -7 1
74 -6 2
74 -5 3
74 -4 2
74 -3 3
74 -2 13
74 -1 122
74 1 4
75 -2 3
75 -1 13
75 1 3
76 -14 1
76 -2 1
76 -1 16
76 1 7
77 -8 1
77 -7 1
77 -5 1
77 -4 1
77 -3 1
77 -2 8
77 -1 99
77 1 1
78 -6 2
78 -5 1
78 -2 11
78 -1 45
78 1 4
79 -11 1
79 -8 1
79 -6 1
79 -3 8
79 -2 11
79 -1 102
79 1 4
80 -6 1
80 -5 2
80 -4 2
80 -3 2
80 -2 12
80 -1 36
80 1 1
81 -10 1
81 -8 1
81 -2 2
81 1 5
82 -3 5
82 -2 3
82 -1 126
83 -7 1
83 -6 2
83 -3 3
83 -2 7
83 -1 165
83 1 3
84 -7 1
84 -5 1
84 -3 1
85 -5 1
85 -4 1
85 -3 1
85 -2 6
86 -4 4
86 -2 3
86 -1 78
86 3 1
87 -4 2
87 -3 3
87 -2 3
87 1 10
88 -3 4
88 -2 6
88 -1 151
89 -2 4
89 1 2
90 -1 205
91 1 18
