ROI: mrcA
Phase: 5
Total nodes checked: 2638685
Total variants found: 644341
0 A 6
0 C 4
0 T 8
0 N 2600
1 G 2
1 N 12999
2 A 5
2 C 2
2 T 3
2 N 4243
3 G 2
3 N 1094
4 C 3
4 G 2
4 N 12433
5 A 35
5 T 27
5 N 2214
6 A 1
6 C 9
6 N 6036
7 A 66
7 G 7
7 T 11
7 N 2702
8 A 15
8 C 6
8 N 3263
9 A 7
9 C 12
9 N 4169
10 A 55
10 G 11
10 T 13
10 N 4547
11 A 23
11 C 16
11 T 3
11 N 2374
12 A 14
12 G 7
12 T 15
12 N 3304
13 C 8
13 G 8
13 N 16059
14 A 7
14 C 3
14 T 9
14 N 3676
15 A 8
15 C 2
15 T 9
15 N 3636
16 G 18
16 N 6281
17 A 6
17 C 1
17 T 18
17 N 10228
18 C 9
18 G 8
18 N 4592
19 A 54
19 G 8
19 T 15
19 N 3180
20 A 24
20 C 13
20 T 3
20 N 2794
21 G 12
21 T 10
21 N 4908
22 A 12
22 C 7
22 N 1906
23 A 31
23 T 15
23 N 4170
24 C 10
24 G 1
24 T 1
24 N 1667
25 G 2
25 T 7
25 N 2789
26 A 9
26 C 9
26 N 6417
27 A 67
27 T 18
27 N 2990
28 A 176
28 G 8
28 T 10
28 N 5121
29 A 40
29 C 24
29 T 4
29 N 3712
30 A 49
30 G 12
30 T 6
30 N 4190
31 C 12
31 G 1
31 N 2137
32 G 2
32 N 4328
33 G 1
33 N 3591
34 C 9
34 G 3
34 N 6080
35 A 50
35 G 7
35 T 4
35 N 1332
36 A 8
36 C 11
36 N 2513
37 C 1
37 T 8
37 N 2943
38 G 20
38 N 76285
39 A 2
39 C 7
39 T 11
39 N 2934
40 A 58
40 G 12
40 T 6
40 N 1949
41 A 79
41 G 8
41 T 2
41 N 3249
42 A 21
42 C 14
42 T 10
42 N 3176
43 G 14
43 N 2828
44 A 7
44 C 1
44 N 1662
45 G 1
45 T 22
45 N 1747
46 A 14
46 C 1
46 G 7
46 N 4496
47 A 3
47 T 14
47 N 1345
48 A 2
48 C 7
48 T 1
48 N 2395
49 A 64
49 G 20
49 T 10
49 N 4224
50 A 14
50 C 20
50 T 1
50 N 4220
51 A 36
51 G 14
51 T 10
51 N 3130
52 C 13
52 G 7
52 N 1298
53 A 4
53 T 15
53 N 1996
54 A 2
54 C 2
54 T 9
54 N 3189
55 C 8
55 G 13
55 N 38571
56 A 56
56 G 7
56 T 16
56 N 6643
57 A 14
57 C 12
57 T 1
57 N 1248
58 C 1
58 T 7
58 N 1614
59 G 20
59 N 13941
60 A 1
60 T 13
60 N 1477
61 A 1
61 C 7
61 T 1
61 N 2364
62 A 2
62 G 12
62 T 9
62 N 3877
63 C 12
63 N 1895
64 C 1
64 N 1843
65 C 1
65 G 7
65 N 3183
66 A 8
66 T 14
66 N 1665
67 G 13
67 T 7
67 N 18638
68 A 13
68 N 3230
69 C 1
69 N 1886
70 C 7
70 N 4503
71 A 58
71 G 4
71 T 14
71 N 3301
72 C 13
72 G 1
72 N 9892
73 T 5
73 N 2385
74 A 12
74 C 5
74 N 2940
75 A 54
75 G 1
75 T 10
75 N 174349
76 C 10
76 G 5
76 T 1
76 N 3246
77 A 15
77 C 1
77 N 1725
78 G 15
78 N 2730
79 A 11
79 C 5
79 N 1636
80 A 62
80 G 9
80 T 3
80 N 2369
81 C 9
81 G 2
81 N 1826
82 G 5
82 N 3862
83 A 8
83 T 4
83 N 1322
84 G 6
84 N 11450
85 N 1654
86 A 4
86 N 2122
87 T 5
87 N 1668
88 C 3
88 N 2752
89 A 35
89 G 3
89 T 1
89 N 786
90 A 114
90 G 1
90 T 4
90 N 6292
0 -30 1
0 -28 2
0 -5 2
0 -3 3
0 -2 16
0 -1 57
0 1 4
1 -7 1
1 -3 5
1 -2 15
1 -1 19
1 1 2
1 3 1
2 -23 1
2 -5 1
2 -3 2
2 -2 8
2 -1 13
2 1 6
3 -9 1
3 -6 1
3 -5 1
3 -4 2
3 -3 1
3 -2 7
3 1 3
4 -7 1
4 -6 1
4 -4 5
4 -3 5
4 -2 12
4 -1 77
4 1 1
4 4 1
5 -9 1
5 -4 1
5 -3 8
5 -2 14
5 -1 86
5 1 6
6 -4 1
6 -3 1
6 -2 4
6 -1 14
6 1 4
7 -3 1
7 -2 5
7 -1 17
7 1 4
8 -2 1
8 1 4
8 2 1
8 3 1
9 -9 1
9 -4 1
9 -3 3
9 -2 7
9 -1 41
10 -8 1
10 -6 1
10 -2 1
10 -1 26
10 1 3
11 -3 1
11 -2 7
11 -1 16
11 1 3
12 -5 1
12 -4 3
12 -3 1
12 -2 4
12 -1 23
12 1 2
13 -4 1
13 -3 2
13 -2 4
13 -1 6
13 1 11
13 3 1
14 -5 1
14 -4 2
14 -2 2
14 -1 1
15 -3 4
15 -2 7
15 -1 31
16 -8 2
16 -5 1
16 -3 3
16 -2 1
16 -1 16
16 2 1
17 -7 1
17 -6 1
17 -5 1
17 -2 13
17 -1 12
17 1 2
18 -5 2
18 -3 4
18 -2 4
18 -1 21
19 -4 1
19 -3 6
19 -2 2
19 -1 14
19 1 2
20 -8 1
20 -6 1
20 -4 2
20 -3 2
20 -2 4
20 -1 7
20 1 1
21 -4 1
21 -3 1
21 -2 6
21 -1 21
21 1 2
22 -10 1
22 -4 1
22 -3 5
22 -2 13
22 -1 73
23 -4 1
23 -3 3
23 -2 2
23 -1 12
23 1 4
24 -4 3
24 -3 1
24 -2 2
24 1 3
24 4 1
25 -4 3
25 -3 5
25 -2 11
25 -1 105
26 -11 1
26 -10 1
26 -8 1
26 -5 2
26 -4 1
26 -3 4
26 -2 24
26 -1 144
26 1 1
27 -5 1
27 -4 2
27 -1 3
27 1 2
28 -3 3
28 -2 3
28 -1 23
29 -3 1
29 -2 5
29 -1 13
29 1 11
30 -4 3
30 -2 3
30 -1 33
30 1 1
31 -4 1
31 1 1
32 -3 2
33 -10 1
33 -6 1
33 -3 1
33 -2 5
34 -9 1
34 -6 1
34 -5 2
34 -4 2
34 -3 4
34 -2 17
34 -1 146
35 -8 1
35 -7 1
35 -3 4
35 -2 12
35 -1 49
35 1 6
36 -1 1
36 1 1
37 -7 1
37 -6 1
37 -3 3
37 -2 2
37 -1 24
38 -9 1
38 -2 4
38 -1 6
38 1 4
39 -7 1
39 -6 2
39 -5 2
39 -2 3
39 -1 15
39 1 1
40 -6 1
40 -5 1
40 -4 1
40 -3 1
40 -2 3
40 -1 1
41 -9 1
41 -3 3
41 -2 1
41 -1 17
42 -5 1
42 -3 1
42 -2 4
42 -1 18
42 1 8
42 2 1
43 -8 2
43 -6 1
43 -4 2
43 -2 3
44 -4 1
44 -3 3
44 -2 3
44 -1 24
45 -10 1
45 -5 1
45 -4 1
45 -2 7
45 -1 10
45 1 4
46 -10 1
46 -7 1
46 -5 1
46 -4 2
46 -2 8
46 -1 57
46 1 2
47 -2 2
48 -7 3
48 -3 1
48 -2 2
48 -1 25
49 -14 1
49 -7 1
49 -6 1
49 -5 1
49 -4 1
49 -2 1
49 -1 9
49 1 3
50 -6 1
50 -2 7
50 -1 13
50 1 2
51 -2 4
51 -1 9
52 -5 1
52 -2 1
52 -1 9
52 1 1
53 -3 2
53 -2 2
53 1 3
54 -5 2
54 -2 8
54 -1 31
55 -7 1
55 -6 1
55 -3 3
55 -2 3
55 -1 4
55 1 3
56 -10 1
56 -4 1
56 -3 1
56 -2 2
56 -1 6
56 1 2
57 -2 1
57 1 4
58 -6 3
58 -5 1
58 -4 2
58 -2 2
58 -1 22
59 -3 2
59 -2 7
59 -1 22
59 1 7
60 -5 1
60 -4 3
60 -2 3
60 1 1
61 -9 1
61 -6 1
61 -3 1
61 -2 6
61 -1 22
62 -8 2
62 -5 1
62 -4 2
62 -3 4
62 -1 19
62 1 3
63 -3 1
63 1 3
64 -3 2
64 -2 1
65 -4 1
65 -2 4
65 -1 31
66 -6 1
66 -5 1
66 -4 1
66 -2 8
66 -1 16
66 1 9
67 -10 1
67 -3 2
67 -2 3
67 -1 16
67 1 1
68 -7 1
68 -3 1
68 1 1
69 -2 3
70 -5 2
70 -3 1
70 -2 10
70 -1 90
71 -3 1
71 -2 4
71 -1 8
71 1 17
72 -3 1
72 1 5
73 -4 2
73 -3 1
73 -2 11
73 -1 80
74 -9 1
74 -6 1
74 -3 2
74 -2 7
74 -1 92
75 -7 1
75 -3 1
75 -1 10
75 1 3
76 -1 16
76 1 2
77 -11 1
77 -7 1
77 -5 1
77 -4 2
77 -3 1
77 -2 4
77 -1 64
78 -7 1
78 -2 8
78 -1 26
78 1 1
79 -5 1
79 -3 2
79 -2 4
79 -1 81
80 -5 1
80 -4 2
80 -3 1
80 -2 5
80 -1 31
81 -3 1
81 1 3
82 -8 1
82 -3 1
82 -2 6
82 -1 99
83 -3 1
83 -2 5
83 -1 91
83 1 4
84 -7 1
84 -6 1
84 -5 1
84 -4 1
84 -3 4
85 -3 1
85 -2 5
86 -4 1
86 -3 1
86 -2 1
86 -1 46
87 -2 2
87 1 6
88 -3 4
88 -2 1
88 -1 119
89 -2 2
89 -1 1
89 1 1
90 -1 99
91 1 13
