ROI: mrcA
Phase: 1
Total nodes checked: 2272743
Total variants found: 696379
0 A 4
0 C 2
0 T 6
0 N 3599
1 C 1
1 G 1
1 N 10697
2 A 2
2 C 3
2 N 4737
3 G 1
3 N 2190
4 C 1
4 N 17459
5 A 15
5 T 14
5 N 5839
6 C 2
6 N 7811
7 A 31
7 G 3
7 T 7
7 N 3147
8 A 6
8 C 3
8 N 3774
9 A 8
9 C 6
9 N 4970
10 A 40
10 G 4
10 T 10
10 N 18743
11 A 9
11 C 7
11 N 3837
12 A 2
12 G 1
12 T 13
12 N 18388
13 C 2
13 G 4
13 N 31756
14 A 6
14 C 2
14 T 2
14 N 7752
15 A 1
15 C 2
15 T 5
15 N 6514
16 G 7
16 N 10293
17 A 3
17 C 3
17 T 8
17 N 5886
18 C 4
18 G 4
18 N 6746
19 A 22
19 G 4
19 T 7
19 N 4445
20 A 13
20 C 6
20 T 1
20 N 4270
21 G 6
21 T 5
21 N 18978
22 A 5
22 C 7
22 N 6340
23 A 22
23 G 1
23 T 9
23 N 3416
24 C 5
24 N 2797
25 G 1
25 T 7
25 N 5454
26 A 5
26 C 7
26 N 4809
27 A 32
27 G 2
27 T 13
27 N 1931
28 A 92
28 G 8
28 T 6
28 N 9833
29 A 20
29 C 12
29 N 3824
30 A 25
30 G 5
30 T 1
30 N 3660
31 C 5
31 G 1
31 N 5482
32 N 3850
33 G 3
33 N 5886
34 C 8
34 G 1
34 N 11773
35 A 16
35 G 7
35 T 4
35 N 3299
36 A 4
36 C 4
36 N 2245
37 T 7
37 N 23261
38 G 11
38 N 10277
39 C 7
39 T 4
39 N 5127
40 A 31
40 G 4
40 T 5
40 N 4135
41 A 21
41 G 7
41 T 6
41 N 4801
42 A 13
42 C 4
42 T 7
42 N 3172
43 G 4
43 N 5613
44 A 6
44 C 1
44 N 3324
45 T 11
45 N 2473
46 A 5
46 G 6
46 N 4007
47 T 7
47 N 3466
48 C 6
48 N 3996
49 A 47
49 G 13
49 T 5
49 N 7090
50 A 9
50 C 13
50 T 2
50 N 5741
51 A 15
51 G 7
51 T 9
51 N 6832
52 C 7
52 G 6
52 N 3499
53 A 3
53 C 1
53 T 6
53 N 2836
54 A 1
54 T 6
54 N 8532
55 C 6
55 G 7
55 N 10251
56 A 33
56 G 6
56 T 11
56 N 5728
57 A 9
57 C 9
57 N 2994
58 A 1
58 T 6
58 N 4563
59 G 14
59 N 91462
60 T 8
60 N 11823
61 C 6
61 N 3473
62 G 8
62 T 7
62 N 4621
63 C 8
63 N 4017
64 N 2990
65 G 6
65 N 4127
66 A 6
66 T 10
66 N 4215
67 G 9
67 T 6
67 N 6947
68 A 8
68 N 4372
69 N 4695
70 C 5
70 N 4606
71 A 29
71 T 8
71 N 7869
72 C 8
72 G 2
72 N 17373
73 G 1
73 T 5
73 N 11601
74 A 8
74 C 5
74 N 7652
75 A 46
75 T 8
75 N 2968
76 C 8
76 G 6
76 N 25663
77 A 13
77 N 1583
78 G 11
78 N 3944
79 A 8
79 C 2
79 N 2125
80 A 34
80 G 5
80 T 1
80 N 8208
81 C 5
81 N 7997
82 G 5
82 N 6263
83 A 3
83 T 3
83 N 1959
84 G 1
84 N 6512
85 G 1
85 N 2530
86 A 3
86 N 4796
87 T 2
87 N 3159
88 C 2
88 N 5932
89 A 13
89 G 1
89 T 2
89 N 1277
90 A 38
90 G 1
90 T 3
90 N 6860
0 -19 1
0 -7 1
0 -5 3
0 -4 2
0 -3 2
0 -2 13
0 -1 55
0 1 3
0 2 1
1 -8 1
1 -5 1
1 -4 1
1 -3 2
1 -2 13
1 -1 24
2 -10 1
2 -3 5
2 -2 6
2 -1 8
2 1 6
3 -7 1
3 -5 1
3 -4 3
3 -2 3
3 1 2
4 -11 1
4 -7 2
4 -6 1
4 -3 2
4 -2 23
4 -1 74
5 -4 2
5 -3 9
5 -2 14
5 -1 93
5 1 1
6 -5 1
6 -3 1
6 -2 2
6 -1 9
6 1 3
7 -4 3
7 -3 1
7 -2 8
7 -1 18
7 1 2
8 -2 4
8 -1 1
8 1 3
8 2 2
9 -10 1
9 -3 3
9 -2 4
9 -1 30
10 -6 1
10 -5 1
10 -4 1
10 -3 6
10 -2 8
10 -1 26
10 1 4
11 -7 1
11 -3 3
11 -2 5
11 -1 10
11 1 3
12 -9 1
12 -5 1
12 -4 1
12 -3 4
12 -2 6
12 -1 18
12 1 2
13 -15 1
13 -6 1
13 -4 1
13 -3 1
13 -2 2
13 -1 12
13 1 10
13 2 1
14 -8 2
14 -5 2
14 -2 2
14 -1 1
14 1 1
15 -9 1
15 -4 1
15 -3 5
15 -2 5
15 -1 36
16 -5 2
16 -4 1
16 -3 1
16 -2 1
16 -1 24
16 1 1
17 -13 1
17 -2 6
17 -1 13
17 1 3
18 -4 1
18 -3 3
18 -2 7
18 -1 20
18 1 1
19 -5 1
19 -3 2
19 -2 4
19 -1 10
19 1 1
20 -7 1
20 -6 1
20 -4 1
20 -2 5
20 -1 8
20 1 6
21 -5 1
21 -2 7
21 -1 21
21 1 2
21 4 1
22 -8 1
22 -7 1
22 -5 2
22 -3 4
22 -2 14
22 -1 76
22 1 3
23 -10 1
23 -2 5
23 -1 10
23 1 4
24 -6 1
24 -4 1
24 -3 1
24 -2 1
24 1 7
25 -9 1
25 -6 1
25 -5 1
25 -4 1
25 -3 2
25 -2 19
25 -1 100
25 2 1
26 -7 1
26 -5 2
26 -4 2
26 -3 1
26 -2 20
26 -1 103
27 -4 5
27 -2 2
27 1 1
28 -15 1
28 -4 1
28 -3 2
28 -2 1
28 -1 26
29 -7 1
29 -4 1
29 -3 1
29 -2 4
29 -1 10
29 1 5
30 -13 1
30 -4 1
30 -3 3
30 -2 5
30 -1 23
31 -8 1
31 -5 1
31 -2 1
31 -1 1
31 1 2
32 -3 3
32 -1 1
33 -7 1
33 -4 1
33 -3 2
33 -2 6
34 -12 1
34 -7 2
34 -5 2
34 -4 5
34 -3 2
34 -2 19
34 -1 171
35 -11 2
35 -7 1
35 -3 1
35 -2 6
35 -1 48
35 1 3
36 -5 2
36 -2 1
36 -1 1
36 1 1
37 -5 1
37 -4 3
37 -3 1
37 -2 6
37 -1 22
38 -4 1
38 -3 3
38 -2 2
38 -1 8
38 1 8
39 -6 2
39 -5 4
39 -3 1
39 -2 2
39 -1 12
39 1 1
40 -7 1
40 -5 5
40 -4 1
40 -3 7
40 -2 7
40 -1 1
41 -3 2
41 -2 5
41 -1 16
42 -3 1
42 -2 5
42 -1 7
42 1 7
43 -8 1
43 -7 1
43 -6 3
43 -5 1
43 -2 3
44 -3 2
44 -2 2
44 -1 14
45 -4 1
45 -2 6
45 -1 6
45 1 6
46 -4 2
46 -3 4
46 -2 7
46 -1 47
46 2 1
47 -8 1
47 -5 2
47 -2 1
47 1 1
48 -14 1
48 -4 2
48 -3 8
48 -2 2
48 -1 21
48 2 1
49 -6 1
49 -5 1
49 -4 3
49 -3 3
49 -1 13
49 1 3
50 -3 1
50 -2 6
50 -1 9
50 1 4
51 -4 1
51 -3 1
51 -2 1
51 -1 13
52 -5 1
52 -2 1
52 -1 6
52 1 2
53 -2 1
54 -5 1
54 -3 1
54 -2 5
54 -1 29
55 -7 1
55 -6 1
55 -3 4
55 -2 9
55 -1 19
55 1 1
56 -21 1
56 -8 1
56 -4 2
56 -2 3
56 -1 6
56 1 1
57 -1 1
57 1 2
58 -11 1
58 -6 1
58 -5 2
58 -4 1
58 -2 2
58 -1 18
59 -8 1
59 -3 2
59 -2 4
59 -1 8
59 1 3
60 -16 1
60 -6 1
60 -5 2
60 -4 2
60 -3 2
60 -2 1
60 1 5
61 -12 1
61 -6 2
61 -4 1
61 -3 1
61 -2 2
61 -1 24
62 -9 1
62 -8 1
62 -5 1
62 -4 2
62 -3 1
62 -2 5
62 -1 13
62 1 1
63 -3 1
63 1 5
64 -3 1
64 -2 1
65 -3 1
65 -2 2
65 -1 25
66 -21 1
66 -6 1
66 -3 1
66 -2 7
66 -1 11
66 1 3
67 -4 1
67 -2 4
67 -1 9
68 -11 1
68 -4 1
68 -3 1
68 1 1
69 -6 1
69 -3 2
69 -2 3
70 -4 1
70 -3 3
70 -2 7
70 -1 53
71 -3 1
71 -2 1
71 -1 8
71 1 3
72 -7 1
72 1 1
73 -4 5
73 -3 1
73 -2 7
73 -1 78
74 -6 2
74 -5 2
74 -4 1
74 -3 2
74 -2 6
74 -1 67
74 1 1
75 -2 2
75 -1 6
75 1 1
76 -2 1
76 -1 8
76 1 4
77 -8 1
77 -7 1
77 -4 1
77 -3 1
77 -2 6
77 -1 51
78 -6 1
78 -5 1
78 -2 7
78 -1 25
79 -11 1
79 -8 1
79 -3 6
79 -2 4
79 -1 59
79 1 3
80 -6 1
80 -5 1
80 -4 2
80 -3 2
80 -2 7
80 -1 21
81 -10 1
81 -8 1
81 -2 2
81 1 2
82 -3 5
82 -2 2
82 -1 60
83 -7 1
83 -6 2
83 -3 3
83 -2 5
83 -1 91
83 1 3
84 -7 1
84 -5 1
85 -5 1
85 -3 1
85 -2 6
86 -4 3
86 -2 2
86 -1 40
87 -4 2
87 -3 1
87 -2 2
87 1 3
88 -3 2
88 -2 1
88 -1 81
89 -2 3
89 1 1
90 -1 106
91 1 6
