ROI: mrcA
Phase: 1
Total nodes checked: 5709239
Total variants found: 1207930
0 A 16
0 C 3
0 T 26
0 N 6217
1 C 3
1 G 4
1 N 18407
2 A 13
2 C 8
2 T 4
2 N 8158
3 G 10
3 T 1
3 N 3731
4 C 3
4 G 6
4 T 1
4 N 30078
5 A 70
5 T 39
5 N 10067
6 A 1
6 C 16
6 G 1
6 N 13451
7 A 123
7 G 10
7 T 31
7 N 5464
8 A 26
8 C 17
8 T 1
8 N 6513
9 A 17
9 C 18
9 N 8542
10 A 142
10 G 23
10 T 26
10 N 32073
11 A 28
11 C 33
11 T 3
11 N 6659
12 A 45
12 G 16
12 T 37
12 N 31414
13 A 1
13 C 17
13 G 12
13 N 54598
14 A 14
14 C 8
14 T 17
14 N 13409
15 A 9
15 C 11
15 T 15
15 N 11142
16 A 1
16 G 35
16 N 18031
17 A 8
17 C 9
17 T 35
17 N 10148
18 C 13
18 G 21
18 N 11591
19 A 123
19 G 16
19 T 30
19 N 7718
20 A 43
20 C 33
20 T 5
20 N 7367
21 C 1
21 G 25
21 T 17
21 N 32521
22 A 23
22 C 16
22 G 1
22 N 10772
23 A 88
23 G 1
23 T 42
23 N 5882
24 C 26
24 G 2
24 N 4850
25 G 6
25 T 17
25 N 9373
26 A 27
26 C 19
26 N 8360
27 A 121
27 G 2
27 T 52
27 N 3314
28 A 315
28 G 22
28 T 17
28 N 16959
29 A 96
29 C 45
29 T 3
29 N 6597
30 A 134
30 G 29
30 T 12
30 N 6294
31 C 27
31 G 3
31 N 9276
32 G 1
32 N 6540
33 G 6
33 T 1
33 N 10038
34 C 21
34 G 3
34 N 20130
35 A 88
35 G 19
35 T 11
35 N 5690
36 A 24
36 C 23
36 T 1
36 N 3833
37 A 3
37 C 1
37 T 19
37 N 39943
38 G 41
38 N 17839
39 A 2
39 C 19
39 T 23
39 N 8760
40 A 128
40 G 22
40 T 13
40 N 7112
41 A 299
41 G 20
41 T 15
41 N 8109
42 A 61
42 C 22
42 T 18
42 N 5417
43 C 2
43 G 22
43 N 9646
44 A 17
44 C 1
44 G 1
44 N 5793
45 G 1
45 T 41
45 N 4193
46 A 24
46 G 18
46 N 6874
47 A 8
47 T 26
47 N 6154
48 A 13
48 C 17
48 T 1
48 N 6771
49 A 137
49 G 41
49 T 11
49 N 12508
50 A 46
50 C 43
50 T 3
50 N 9855
51 A 121
51 G 28
51 T 26
51 N 11681
52 C 27
52 G 16
52 N 5939
53 A 12
53 C 2
53 T 26
53 N 4810
54 A 4
54 T 18
54 N 14620
55 C 18
55 G 26
55 N 17778
56 A 120
56 G 19
56 T 31
56 N 9981
57 A 36
57 C 28
57 N 5113
58 A 6
58 C 1
58 T 18
58 N 7752
59 C 1
59 G 51
59 N 163479
60 A 4
60 C 2
60 T 25
60 N 20220
61 C 17
61 N 5970
62 A 19
62 G 27
62 T 19
62 N 8027
63 C 26
63 N 6911
64 N 5138
65 G 17
65 N 7036
66 A 21
66 T 29
66 N 7826
67 G 29
67 T 18
67 N 11851
68 A 27
68 N 7440
69 G 1
69 N 8047
70 A 1
70 C 14
70 N 7838
71 A 130
71 G 3
71 T 30
71 N 13849
72 C 25
72 G 2
72 N 29609
73 G 2
73 T 13
73 N 19659
74 A 24
74 C 13
74 N 13037
75 A 129
75 T 21
75 N 5128
76 C 19
76 G 13
76 N 43529
77 A 32
77 N 2719
78 G 26
78 N 6736
79 A 23
79 C 5
79 T 1
79 N 3654
80 A 159
80 G 14
80 T 5
80 N 14098
81 C 13
81 G 2
81 N 13601
82 G 8
82 N 10544
83 A 12
83 T 6
83 N 3366
84 G 5
84 N 11349
85 G 1
85 N 4342
86 A 4
86 N 8129
87 G 1
87 T 5
87 N 5425
88 C 3
88 G 4
88 N 10141
89 A 62
89 G 2
89 T 5
89 N 2196
90 A 180
90 G 2
90 T 19
90 N 12097
0 -28 3
0 -19 1
0 -7 2
0 -6 1
0 -5 3
0 -4 5
0 -3 3
0 -2 22
0 -1 138
0 1 14
0 2 1
1 -8 2
1 -7 1
1 -5 1
1 -4 3
1 -3 3
1 -2 18
1 -1 53
1 1 4
1 3 1
2 -12 1
2 -10 1
2 -5 1
2 -4 2
2 -3 6
2 -2 10
2 -1 31
2 1 14
2 2 1
2 3 1
3 -7 1
3 -6 1
3 -5 2
3 -4 3
3 -3 4
3 -2 7
3 -1 1
3 1 5
3 2 2
4 -11 1
4 -7 2
4 -6 1
4 -3 3
4 -2 34
4 -1 175
4 4 1
5 -5 1
5 -4 2
5 -3 13
5 -2 24
5 -1 212
5 1 6
5 5 1
6 -5 1
6 -4 1
6 -3 3
6 -2 11
6 -1 29
6 1 15
6 2 1
6 4 1
7 -25 1
7 -5 1
7 -4 3
7 -3 1
7 -2 11
7 -1 33
7 1 10
7 2 1
8 -5 1
8 -3 1
8 -2 6
8 -1 2
8 1 17
8 2 2
8 3 1
9 -10 1
9 -4 2
9 -3 7
9 -2 7
9 -1 68
10 -7 1
10 -6 2
10 -5 3
10 -4 1
10 -3 6
10 -2 10
10 -1 46
10 1 9
11 -7 1
11 -3 3
11 -2 16
11 -1 26
11 1 18
12 -9 1
12 -7 1
12 -5 3
12 -4 2
12 -3 9
12 -2 15
12 -1 38
12 1 4
12 3 2
13 -15 1
13 -6 1
13 -4 1
13 -3 1
13 -2 3
13 -1 30
13 1 18
13 2 1
13 3 1
14 -8 2
14 -5 2
14 -4 1
14 -3 1
14 -2 5
14 -1 2
14 1 4
14 2 1
15 -9 1
15 -4 2
15 -3 9
15 -2 10
15 -1 69
16 -5 3
16 -4 3
16 -3 4
16 -2 5
16 -1 41
16 1 3
16 7 1
17 -13 1
17 -7 1
17 -4 1
17 -2 22
17 -1 36
17 1 9
18 -7 1
18 -4 1
18 -3 8
18 -2 10
18 -1 52
18 1 4
18 3 1
19 -5 1
19 -3 3
19 -2 5
19 -1 30
19 1 5
19 2 1
20 -7 1
20 -6 1
20 -4 3
20 -2 8
20 -1 23
20 1 14
20 2 1
21 -5 1
21 -3 2
21 -2 13
21 -1 59
21 1 5
21 4 1
22 -8 1
22 -7 1
22 -5 3
22 -4 2
22 -3 8
22 -2 28
22 -1 177
22 1 7
23 -10 1
23 -3 2
23 -2 11
23 -1 34
23 1 11
24 -6 1
24 -4 3
24 -3 1
24 -2 1
24 1 18
25 -9 1
25 -6 1
25 -5 1
25 -4 3
25 -3 3
25 -2 41
25 -1 235
25 2 1
26 -7 1
26 -5 2
26 -4 3
26 -3 3
26 -2 39
26 -1 278
26 1 5
27 -4 5
27 -2 8
27 -1 2
27 1 10
27 6 1
28 -15 1
28 -4 1
28 -3 4
28 -2 1
28 -1 51
29 -7 1
29 -4 1
29 -3 1
29 -2 9
29 -1 31
29 1 14
30 -13 1
30 -4 3
30 -3 8
30 -2 13
30 -1 56
30 1 3
31 -20 1
31 -8 1
31 -5 1
31 -2 1
31 -1 1
31 1 6
32 -7 1
32 -3 4
32 -1 1
33 -7 5
33 -5 2
33 -4 1
33 -3 2
33 -2 13
34 -12 1
34 -7 2
34 -5 3
34 -4 5
34 -3 3
34 -2 40
34 -1 353
35 -11 2
35 -8 1
35 -7 1
35 -3 2
35 -2 14
35 -1 102
35 1 21
36 -5 3
36 -2 1
36 -1 2
36 1 10
37 -7 1
37 -5 3
37 -4 5
37 -3 3
37 -2 14
37 -1 55
38 -4 4
38 -3 5
38 -2 11
38 -1 17
38 1 16
39 -6 2
39 -5 5
39 -4 1
39 -3 2
39 -2 5
39 -1 27
39 1 4
40 -7 1
40 -5 5
40 -4 2
40 -3 9
40 -2 9
40 -1 4
40 1 4
41 -3 2
41 -2 9
41 -1 44
42 -4 1
42 -3 3
42 -2 6
42 -1 24
42 1 21
43 -8 1
43 -7 1
43 -6 3
43 -5 1
43 -4 1
43 -3 1
43 -2 9
43 -1 1
43 1 4
44 -5 1
44 -3 3
44 -2 4
44 -1 43
45 -6 1
45 -4 3
45 -2 9
45 -1 22
45 1 16
46 -4 3
46 -3 4
46 -2 16
46 -1 106
46 1 2
46 2 1
47 -8 1
47 -5 2
47 -2 2
47 1 5
48 -14 1
48 -4 2
48 -3 9
48 -2 5
48 -1 49
48 2 1
49 -6 1
49 -5 1
49 -4 4
49 -3 6
49 -2 1
49 -1 33
49 1 12
50 -5 1
50 -3 1
50 -2 17
50 -1 20
50 1 7
51 -6 1
51 -4 3
51 -3 3
51 -2 9
51 -1 29
51 1 3
52 -5 1
52 -2 2
52 -1 17
52 1 6
53 -2 2
53 1 1
54 -5 1
54 -3 3
54 -2 10
54 -1 53
55 -7 1
55 -6 1
55 -4 1
55 -3 7
55 -2 14
55 -1 39
55 1 4
55 2 1
56 -21 1
56 -8 2
56 -4 3
56 -3 1
56 -2 3
56 -1 22
56 1 7
57 -2 1
57 -1 2
57 1 11
57 2 1
58 -11 1
58 -6 1
58 -5 3
58 -4 1
58 -2 5
58 -1 54
59 -8 1
59 -3 7
59 -2 10
59 -1 21
59 1 6
59 3 1
60 -16 1
60 -6 1
60 -5 2
60 -4 6
60 -3 2
60 -2 2
60 1 9
61 -12 1
61 -9 2
61 -6 2
61 -4 1
61 -3 2
61 -2 8
61 -1 58
62 -9 1
62 -8 1
62 -5 1
62 -4 3
62 -3 3
62 -2 8
62 -1 33
62 1 7
63 -3 2
63 1 13
64 -3 2
64 -2 3
65 -3 2
65 -2 6
65 -1 59
66 -21 1
66 -7 1
66 -6 1
66 -4 1
66 -3 3
66 -2 9
66 -1 33
66 1 16
67 -4 1
67 -2 12
67 -1 29
67 1 1
68 -11 1
68 -5 1
68 -4 1
68 -3 1
68 1 2
69 -8 2
69 -6 1
69 -3 3
69 -2 8
70 -4 1
70 -3 4
70 -2 14
70 -1 133
71 -3 1
71 -2 5
71 -1 21
71 1 11
72 -7 1
72 -2 2
72 -1 1
72 1 7
73 -4 8
73 -3 1
73 -2 13
73 -1 159
74 -7 1
74 -6 2
74 -5 3
74 -4 2
74 -3 3
74 -2 14
74 -1 155
74 1 6
75 -2 5
75 -1 18
75 1 3
76 -14 1
76 -2 1
76 -1 19
76 1 8
77 -8 1
77 -7 1
77 -5 1
77 -4 2
77 -3 1
77 -2 11
77 -1 124
77 1 1
78 -6 2
78 -5 1
78 -2 13
78 -1 54
78 1 7
79 -11 1
79 -8 1
79 -6 1
79 -3 8
79 -2 11
79 -1 139
79 1 4
80 -6 1
80 -5 3
80 -4 2
80 -3 2
80 -2 16
80 -1 50
80 1 2
81 -10 1
81 -8 1
81 -2 2
81 1 6
82 -3 5
82 -2 3
82 -1 167
83 -7 1
83 -6 2
83 -3 3
83 -2 8
83 -1 204
83 1 8
84 -7 1
84 -5 1
84 -3 2
85 -5 1
85 -4 1
85 -3 1
85 -2 9
86 -4 4
86 -2 3
86 -1 107
86 3 1
87 -4 3
87 -3 3
87 -2 3
87 1 18
88 -3 5
88 -2 6
88 -1 208
89 -2 5
89 1 2
90 -1 249
91 1 21
