ROI: mrcA
Phase: 4
Total nodes checked: 2043646
Total variants found: 443688
0 A 2
0 C 1
0 T 5
0 N 2103
1 C 1
1 G 1
1 N 9853
2 A 5
2 C 1
2 N 4517
3 G 3
3 N 1679
4 C 1
4 G 2
4 N 6554
5 A 20
5 G 1
5 T 8
5 N 2815
6 C 3
6 N 9641
7 A 73
7 G 1
7 T 3
7 N 8008
8 A 14
8 C 6
8 T 1
8 N 2752
9 A 3
9 C 3
9 T 1
9 N 3431
10 A 77
10 G 9
10 T 2
10 N 2448
11 A 14
11 C 12
11 T 1
11 N 4630
12 A 16
12 G 7
12 T 7
12 N 3333
13 C 7
13 G 1
13 N 13635
14 A 3
14 C 1
14 T 9
14 N 2555
15 A 3
15 C 2
15 T 4
15 N 4296
16 G 9
16 N 5553
17 A 5
17 T 11
17 N 3420
18 C 2
18 G 7
18 N 27512
19 A 56
19 G 2
19 T 11
19 N 13186
20 A 16
20 C 9
20 T 1
20 N 2204
21 G 9
21 T 4
21 N 4941
22 A 9
22 C 5
22 N 22416
23 A 23
23 T 17
23 N 2519
24 C 7
24 N 1551
25 G 1
25 T 4
25 N 3965
26 A 6
26 C 5
26 N 4298
27 A 75
27 G 1
27 T 11
27 N 895
28 A 283
28 G 5
28 T 3
28 N 4969
29 A 63
29 C 13
29 T 2
29 N 2974
30 A 50
30 G 6
30 T 2
30 N 2635
31 C 6
31 N 1984
32 G 1
32 N 3035
33 G 4
33 T 1
33 N 6291
34 C 7
34 G 1
34 N 13754
35 A 35
35 G 9
35 T 3
35 N 1510
36 A 14
36 C 6
36 T 1
36 N 3692
37 A 2
37 T 10
37 N 4555
38 G 13
38 N 33762
39 A 2
39 C 8
39 T 6
39 N 1663
40 A 61
40 G 5
40 T 3
40 N 2256
41 A 115
41 G 8
41 T 1
41 N 2796
42 A 29
42 C 5
42 T 8
42 N 1526
43 G 6
43 N 2987
44 A 6
44 C 1
44 N 2184
45 T 12
45 N 1566
46 A 6
46 G 5
46 N 3018
47 T 5
47 N 4074
48 A 1
48 C 5
48 T 2
48 N 3027
49 A 131
49 G 12
49 T 4
49 N 3289
50 A 16
50 C 11
50 T 1
50 N 2032
51 A 27
51 G 6
51 T 5
51 N 4940
52 C 7
52 G 3
52 N 1694
53 A 4
53 T 7
53 N 3024
54 A 2
54 T 3
54 N 4744
55 C 3
55 G 6
55 N 5471
56 A 64
56 G 2
56 T 5
56 N 4005
57 A 20
57 C 5
57 T 2
57 N 4112
58 T 2
58 N 2713
59 G 7
59 N 9056
60 A 1
60 C 1
60 T 5
60 N 1618
61 A 1
61 C 2
61 N 1931
62 A 1
62 G 6
62 T 2
62 N 2726
63 C 6
63 N 2181
64 N 1578
65 G 2
65 N 2962
66 A 4
66 C 1
66 T 6
66 N 3414
67 G 7
67 T 2
67 N 8582
68 A 6
68 N 1995
69 N 3242
70 C 2
70 N 6189
71 A 60
71 G 2
71 T 8
71 N 3912
72 C 6
72 N 2002
73 G 2
73 T 3
73 N 9691
74 A 6
74 C 3
74 N 3192
75 A 62
75 G 2
75 T 5
75 N 7927
76 C 5
76 G 4
76 N 2386
77 A 10
77 N 3874
78 G 7
78 N 7488
79 A 2
79 C 3
79 N 1517
80 A 60
80 G 2
80 T 1
80 N 2385
81 C 1
81 N 2028
82 G 2
82 N 3079
83 T 1
83 N 1490
84 N 9342
85 N 2145
86 A 1
86 N 2032
87 T 1
87 N 3192
88 C 1
88 N 2717
89 A 25
89 T 1
89 N 2053
90 A 163
90 G 1
90 T 2
90 N 6264
0 -4 1
0 -3 2
0 -2 4
0 -1 33
0 1 2
1 -3 1
1 -2 1
1 -1 10
2 -3 2
2 -2 1
2 -1 8
2 1 1
3 -7 1
3 -4 2
3 -3 2
3 -2 1
4 -12 1
4 -4 1
4 -3 1
4 -2 17
4 -1 51
5 -4 3
5 -3 2
5 -2 18
5 -1 51
6 -3 2
6 -2 2
6 -1 6
6 1 2
7 -4 3
7 -2 5
7 -1 14
7 1 2
8 -10 1
8 -5 1
8 -2 3
8 -1 3
8 1 3
9 -4 3
9 -3 3
9 -2 4
9 -1 31
10 -4 1
10 -3 1
10 -2 5
10 -1 12
10 1 1
11 -3 1
11 -2 11
11 -1 7
11 1 4
12 -6 1
12 -4 1
12 -3 3
12 -2 1
12 -1 13
12 1 1
13 -2 1
13 -1 5
13 1 3
14 -6 1
14 -2 2
14 -1 1
14 1 1
15 -4 2
15 -3 2
15 -2 3
15 -1 19
16 -4 2
16 -3 2
16 -2 1
16 -1 13
16 1 1
17 -6 2
17 -3 1
17 -2 9
17 -1 8
17 1 3
18 -9 1
18 -7 1
18 -6 1
18 -5 1
18 -3 1
18 -2 3
18 -1 9
19 -3 2
19 -2 2
19 -1 8
19 1 2
19 3 1
20 -2 4
20 -1 9
20 1 4
20 2 1
21 -8 1
21 -2 2
21 -1 11
21 1 1
22 -10 1
22 -4 1
22 -3 5
22 -2 16
22 -1 48
23 -2 4
23 -1 11
23 1 2
24 -7 1
24 -6 1
24 -5 1
24 -4 1
24 -3 2
24 -2 3
24 1 4
25 -6 1
25 -2 16
25 -1 65
26 -9 1
26 -8 1
26 -6 1
26 -4 1
26 -3 2
26 -2 21
26 -1 62
26 1 2
27 -4 3
27 -3 1
27 -2 2
27 2 1
28 -11 1
28 -5 1
28 -3 3
28 -2 2
28 -1 12
29 -6 1
29 -2 3
29 -1 10
29 1 2
30 -6 1
30 -4 1
30 -3 3
30 -1 20
30 1 1
31 -1 1
32 -7 1
32 -6 1
32 -3 1
33 -10 1
33 -3 2
33 -2 5
34 -4 3
34 -3 4
34 -2 14
34 -1 105
34 2 1
35 -18 1
35 -3 1
35 -2 7
35 -1 39
35 1 4
36 1 2
37 -6 1
37 -2 2
37 -1 18
38 -2 4
38 -1 7
38 1 1
39 -5 1
39 -2 4
39 -1 2
39 1 2
40 -6 2
40 -5 1
40 -4 1
40 -3 5
40 1 1
41 -3 2
41 -2 2
41 -1 13
42 -1 4
42 1 6
43 -7 1
43 -5 2
43 -2 3
43 1 1
44 -3 1
44 -2 1
44 -1 14
45 -4 1
45 -2 2
45 -1 10
45 1 2
46 -5 2
46 -4 2
46 -3 2
46 -2 4
46 -1 34
47 -4 1
47 -2 2
47 1 2
48 -2 2
48 -1 22
49 -6 1
49 -5 2
49 -2 1
49 -1 4
49 1 3
50 -2 7
50 -1 7
51 -7 1
51 -3 2
51 -2 1
51 -1 9
52 -2 1
52 -1 5
52 1 1
53 -11 1
53 2 1
54 -2 1
54 -1 11
55 -6 1
55 -5 1
55 -3 4
55 -2 2
55 -1 10
56 -4 2
56 -2 2
56 -1 8
56 1 2
57 -2 3
57 1 3
57 2 1
58 -6 1
58 -5 1
58 -2 1
58 -1 19
59 -3 4
59 -2 4
59 -1 5
59 1 6
59 3 1
60 -4 1
60 -2 1
61 -5 2
61 -4 2
61 -3 1
61 -2 5
61 -1 11
62 -4 2
62 -3 1
62 -2 1
62 -1 12
62 1 2
63 1 2
64 -11 1
64 -9 1
64 -7 1
64 -2 2
65 -2 5
65 -1 24
66 -9 1
66 -5 1
66 -3 2
66 -2 1
66 -1 6
66 1 3
67 -4 3
67 -3 4
67 -2 4
67 -1 13
67 1 2
68 -3 1
68 1 2
69 -10 1
69 -3 1
70 -5 3
70 -2 13
70 -1 45
71 -3 2
71 -1 10
71 1 7
72 -5 1
72 -2 1
73 -10 1
73 -4 1
73 -2 9
73 -1 51
74 -6 1
74 -5 1
74 -3 2
74 -2 11
74 -1 55
74 1 1
75 -3 1
75 -2 2
75 -1 5
75 1 1
76 -2 1
76 -1 8
76 1 1
77 -11 1
77 -3 1
77 -2 2
77 -1 48
77 1 2
78 -2 5
78 -1 12
79 -6 1
79 -3 1
79 -2 5
79 -1 46
80 -7 1
80 -5 1
80 -4 3
80 -3 2
80 -2 4
80 -1 14
81 -3 1
81 -2 2
81 1 1
82 -2 3
82 -1 44
83 -4 1
83 -3 1
83 -2 4
83 -1 61
83 1 3
84 -5 1
84 1 1
85 -5 1
85 -3 1
85 -2 3
86 -2 4
86 -1 25
87 1 6
88 -2 1
88 -1 58
89 -2 1
89 1 2
90 -1 54
