ROI: mrcA
Phase: 3
Total nodes checked: 2075876
Total variants found: 346512
0 A 2
0 C 3
0 T 4
0 N 1475
1 G 1
1 N 41815
2 A 2
2 C 1
2 T 2
2 N 2083
3 G 3
3 N 2101
4 G 3
4 N 10486
5 A 26
5 T 12
5 N 2168
6 C 1
6 N 5878
7 A 44
7 T 7
7 N 976
8 A 2
8 C 3
8 N 3023
9 A 2
9 C 1
9 N 1876
10 A 54
10 G 2
10 T 10
10 N 8007
11 A 9
11 C 4
11 N 1582
12 A 15
12 G 1
12 T 4
12 N 2453
13 C 2
13 N 11905
14 A 1
14 C 4
14 T 4
14 N 2180
15 A 2
15 C 2
15 N 1712
16 G 3
16 N 7039
17 A 3
17 C 3
17 T 3
17 N 1814
18 G 3
18 N 2074
19 A 44
19 T 7
19 N 7622
20 A 11
20 C 5
20 T 1
20 N 2104
21 G 5
21 N 10168
22 A 4
22 N 1743
23 A 20
23 T 10
23 N 2443
24 C 5
24 G 1
24 N 1055
25 G 1
25 N 3952
26 A 5
26 N 8054
27 A 52
27 T 11
27 N 649
28 A 153
28 T 3
28 N 7068
29 A 42
29 C 6
29 N 2729
30 A 32
30 G 4
30 T 3
30 N 1921
31 C 4
31 G 1
31 N 1235
32 N 1209
33 G 1
33 N 3012
34 G 1
34 N 6628
35 A 20
35 T 6
35 N 805
36 A 5
36 C 4
36 T 1
36 N 1655
37 A 2
37 N 2831
38 G 4
38 N 14066
39 A 4
39 T 5
39 N 931
40 A 63
40 G 4
40 T 4
40 N 2163
41 A 77
41 N 2440
42 A 15
42 C 4
42 T 2
42 N 1244
43 C 2
43 G 4
43 N 2082
44 N 1294
45 T 3
45 N 2081
46 A 3
46 N 1575
47 A 2
47 T 4
47 N 1827
48 A 2
48 C 1
48 T 1
48 N 3618
49 A 80
49 G 5
49 T 6
49 N 2390
50 A 13
50 C 4
50 T 2
50 N 1045
51 A 39
51 G 3
51 T 5
51 N 1756
52 C 4
52 G 2
52 N 3288
53 A 1
53 T 3
53 N 1493
54 C 1
54 T 2
54 N 2631
55 C 1
55 G 3
55 N 3145
56 A 47
56 G 1
56 T 5
56 N 2594
57 A 16
57 C 3
57 T 1
57 N 832
58 T 3
58 N 5151
59 G 5
59 N 3748
60 A 2
60 T 3
60 N 1093
61 A 1
61 C 2
61 T 1
61 N 1511
62 G 4
62 T 5
62 N 2675
63 C 4
63 N 3358
64 N 836
65 G 3
65 N 1230
66 A 2
66 T 3
66 N 3079
67 G 3
67 T 1
67 N 19111
68 A 3
68 N 1338
69 N 1092
70 N 7346
71 A 54
71 G 4
71 T 7
71 N 3742
72 C 4
72 N 1425
73 G 2
73 T 1
73 N 2057
74 A 4
74 C 1
74 N 11259
75 A 47
75 T 4
75 N 1716
76 C 3
76 N 1313
77 A 3
77 N 705
78 G 2
78 N 3032
79 A 4
79 N 1620
80 A 47
80 G 1
80 T 3
80 N 1323
81 C 1
81 G 1
81 N 1363
82 G 1
82 N 2499
83 A 2
83 T 1
83 N 1050
84 G 1
84 N 7958
85 N 1372
86 N 2084
87 G 1
87 T 1
87 N 1198
88 N 10962
89 A 12
89 G 1
89 T 1
89 N 719
90 A 107
90 G 1
90 T 13
90 N 3454
0 -30 1
0 -28 2
0 -5 4
0 -4 1
0 -3 2
0 -2 9
0 -1 29
1 -3 6
1 -2 5
1 -1 16
1 1 1
2 -5 1
2 -4 1
2 -2 2
2 -1 9
2 1 2
3 -3 4
3 -2 2
3 1 1
4 -7 1
4 -5 1
4 -3 3
4 -2 15
4 -1 64
5 -4 1
5 -3 3
5 -2 19
5 -1 59
5 1 3
6 -3 4
6 -2 2
6 -1 10
6 1 1
7 -2 4
7 -1 15
7 1 2
8 -4 1
8 -2 3
8 1 6
9 -4 2
9 -3 3
9 -2 2
9 -1 25
10 -9 1
10 -7 1
10 -5 1
10 -4 1
10 -3 6
10 -2 5
10 -1 10
10 1 2
11 -3 1
11 -2 10
11 -1 8
11 1 6
12 -5 1
12 -4 1
12 -3 6
12 -2 2
12 -1 13
12 1 1
13 -16 1
13 -2 1
13 -1 5
13 1 3
14 -4 1
14 -2 3
15 -15 1
15 -6 2
15 -5 1
15 -4 3
15 -3 4
15 -2 2
15 -1 20
16 -8 1
16 -4 1
16 -2 3
16 -1 12
16 1 3
17 -3 1
17 -2 11
17 -1 10
18 -10 1
18 -7 1
18 -6 1
18 -5 1
18 -4 1
18 -2 5
18 -1 6
19 -7 1
19 -5 2
19 -3 2
19 -2 3
19 -1 6
19 1 3
20 -3 1
20 -2 3
20 -1 8
20 1 4
21 -7 1
21 -2 3
21 -1 13
21 1 1
22 -5 2
22 -3 3
22 -2 15
22 -1 55
22 1 2
23 -6 1
23 -3 2
23 -2 4
23 -1 14
23 1 4
24 -5 1
24 -4 4
24 1 1
25 -3 1
25 -2 15
25 -1 96
26 -6 1
26 -3 5
26 -2 18
26 -1 67
26 1 3
27 -4 1
27 -2 2
27 1 4
28 -3 2
28 -2 2
28 -1 13
29 -4 1
29 -3 1
29 -2 5
29 -1 9
29 1 3
30 -9 1
30 -7 2
30 -5 1
30 -3 4
30 -2 2
30 -1 23
31 -6 1
31 1 1
32 -4 1
32 -3 4
33 -6 1
33 -3 1
33 -2 4
34 -6 1
34 -4 5
34 -3 3
34 -2 17
34 -1 120
35 -4 3
35 -2 6
35 -1 43
35 1 1
36 -2 2
36 -1 1
36 1 2
37 -3 1
37 -2 6
37 -1 25
38 -4 1
38 -3 2
38 -2 7
38 -1 5
38 1 2
39 -6 1
39 -5 1
39 -2 3
39 -1 4
39 1 2
40 -8 1
40 -4 3
40 -3 5
40 -2 3
40 -1 1
41 -3 2
41 -2 2
41 -1 17
42 -7 1
42 -4 1
42 -2 2
42 -1 8
42 1 2
43 -6 1
43 -2 2
44 -9 1
44 -5 1
44 -3 2
44 -2 1
44 -1 10
45 -3 1
45 -2 1
45 -1 5
45 1 5
46 -5 1
46 -4 1
46 -3 1
46 -2 3
46 -1 42
47 -2 2
48 -4 1
48 -3 2
48 -2 3
48 -1 22
49 -6 3
49 -5 2
49 -3 4
49 -1 9
49 1 2
50 -2 5
50 -1 4
50 1 3
51 -7 1
51 -6 1
51 -2 3
51 -1 15
51 2 1
52 -4 1
52 -1 2
52 1 2
53 1 1
54 -3 1
54 -2 3
54 -1 23
55 -7 1
55 -6 1
55 -3 2
55 -1 8
55 1 3
56 -7 1
56 -4 6
56 -3 1
56 -2 2
56 -1 6
56 1 1
57 -6 1
57 1 1
58 -4 3
58 -3 1
58 -1 27
59 -8 1
59 -3 2
59 -2 7
59 -1 8
59 1 2
60 -6 1
60 -2 2
60 1 4
61 -4 4
61 -3 4
61 -2 4
61 -1 20
62 -5 1
62 -3 1
62 -2 4
62 -1 9
62 1 1
63 -3 1
63 1 2
64 -2 2
65 -6 1
65 -3 2
65 -2 4
65 -1 23
66 -5 2
66 -3 5
66 -2 2
66 -1 9
66 1 2
67 -13 1
67 -7 1
67 -3 2
67 -1 9
67 1 1
68 -5 1
68 1 1
69 -10 1
69 -6 2
69 -4 1
69 -3 2
69 -2 2
70 -11 1
70 -3 1
70 -2 9
70 -1 52
71 -3 1
71 -2 1
71 -1 6
71 1 6
72 1 2
73 -4 2
73 -3 1
73 -2 10
73 -1 61
74 -6 1
74 -3 6
74 -2 5
74 -1 55
74 1 2
75 -8 1
75 -4 1
75 -3 1
75 -2 2
75 -1 4
75 1 2
76 -2 2
76 -1 8
76 1 1
77 -5 1
77 -4 1
77 -2 6
77 -1 45
78 -6 1
78 -3 1
78 -2 6
78 -1 20
79 -5 1
79 -3 3
79 -2 2
79 -1 63
79 1 1
80 -7 2
80 -4 5
80 -2 4
80 -1 17
81 -5 1
81 -3 3
81 1 1
82 -8 1
82 -2 7
82 -1 61
83 -3 1
83 -2 12
83 -1 59
83 1 1
84 -3 1
85 -3 1
85 -2 4
86 -3 1
86 -2 1
86 -1 42
88 -3 1
88 -2 5
88 -1 89
89 -2 2
90 -1 90
91 1 5
