ROI: mrcA
Phase: 3
Total nodes checked: 289767
Total variants found: 82676
0 T 1
0 N 356
1 N 10010
2 N 538
3 G 1
3 N 528
4 N 2477
5 A 3
5 T 1
5 N 507
6 N 1375
7 A 5
7 N 245
8 N 708
9 N 429
10 A 7
10 T 2
10 N 1887
11 N 363
12 T 2
12 N 586
13 N 2832
14 C 1
14 T 2
14 N 512
15 A 1
15 N 415
16 G 1
16 N 1606
17 A 1
17 C 2
17 T 1
17 N 417
18 G 1
18 N 493
19 A 2
19 T 1
19 N 1777
20 A 1
20 C 1
20 N 486
21 G 1
21 N 2440
22 A 1
22 N 407
23 A 1
23 T 4
23 N 593
24 C 1
24 G 1
24 N 237
25 N 948
26 A 1
26 N 1933
27 A 5
27 T 3
27 N 147
28 A 14
28 N 1695
29 A 2
29 C 1
29 N 656
30 G 1
30 T 1
30 N 473
31 C 1
31 N 291
32 N 334
33 N 719
34 N 1586
35 A 1
35 N 206
36 C 1
36 N 404
37 N 700
38 G 1
38 N 3414
39 T 1
39 N 251
40 A 8
40 G 1
40 N 508
41 A 3
41 N 600
42 A 1
42 C 1
42 N 328
43 G 1
43 N 514
44 N 320
45 T 1
45 N 471
46 A 1
46 N 399
47 T 1
47 N 405
48 C 1
48 N 829
49 A 13
49 G 2
49 T 1
49 N 589
50 A 1
50 C 2
50 N 260
51 A 1
51 G 1
51 T 1
51 N 446
52 C 1
52 G 2
52 N 798
53 T 1
53 N 353
54 T 2
54 N 662
55 C 1
55 G 1
55 N 746
56 A 4
56 G 1
56 T 1
56 N 659
57 A 1
57 C 1
57 N 213
58 T 2
58 N 1218
59 G 3
59 N 899
60 T 1
60 N 271
61 C 2
61 N 396
62 G 1
62 T 2
62 N 654
63 C 1
63 N 837
64 N 192
65 G 2
65 N 281
66 A 2
66 T 1
66 N 731
67 G 1
67 T 1
67 N 4532
68 A 1
68 N 346
69 N 251
70 N 1724
71 A 3
71 G 2
71 T 2
71 N 826
72 C 1
72 N 319
73 T 1
73 N 479
74 A 1
74 C 1
74 N 2644
75 A 4
75 T 1
75 N 415
76 C 1
76 N 339
77 A 1
77 N 173
78 G 1
78 N 771
79 A 1
79 N 393
80 A 6
80 T 1
80 N 318
81 N 340
82 N 613
83 A 1
83 N 241
84 N 1890
85 N 326
86 N 484
87 N 310
88 N 2647
89 T 1
89 N 187
90 A 8
90 T 1
90 N 900
0 -5 1
0 -2 2
0 -1 3
1 -3 2
1 -2 2
1 -1 2
2 -1 2
3 -3 1
3 1 1
4 -5 1
4 -3 2
4 -2 1
4 -1 11
5 -2 5
5 -1 14
6 -1 1
7 -2 2
7 -1 3
7 1 1
9 -4 1
9 -3 1
9 -1 4
10 -9 1
10 -3 2
10 -2 3
11 -3 1
11 -2 2
11 -1 2
12 -1 3
13 -16 1
13 -1 2
14 -2 2
15 -15 1
15 -6 1
15 -4 1
15 -2 1
15 -1 2
16 -1 2
17 -2 2
17 -1 3
18 -10 1
18 -7 1
18 -5 1
18 -2 1
19 -7 1
19 -5 2
19 -1 1
20 -2 1
20 -1 2
20 1 1
21 -7 1
21 -2 1
21 -1 3
22 -5 2
22 -2 3
22 -1 7
23 -2 1
23 1 1
24 -5 1
24 -4 1
25 -2 4
25 -1 17
26 -6 1
26 -3 1
26 -2 3
26 -1 8
29 -1 2
29 1 1
30 -5 1
30 -1 3
33 -2 1
34 -4 1
34 -3 2
34 -2 3
34 -1 29
35 -4 2
35 -2 2
35 -1 5
36 -1 1
37 -2 2
37 -1 5
38 -3 1
38 -1 1
39 -6 1
39 -5 1
39 -1 1
39 1 1
40 -8 1
40 -4 1
40 -3 2
40 -2 1
41 -1 1
42 -1 3
42 1 1
44 -1 1
45 -2 1
46 -1 8
48 -4 1
48 -3 1
48 -2 1
48 -1 4
49 -6 2
49 -3 2
49 -1 2
50 -1 1
51 -2 1
51 -1 2
52 -1 1
52 1 1
54 -3 1
54 -1 3
55 -7 1
55 -1 2
56 -4 1
58 -4 2
58 -1 1
59 -8 1
60 -2 1
60 1 1
61 -4 3
61 -3 1
61 -2 1
61 -1 2
62 -3 1
62 -2 1
62 -1 3
65 -3 1
65 -1 5
66 -5 1
66 -3 1
66 -2 1
67 -7 1
67 -3 1
67 -1 2
68 -5 1
69 -6 1
70 -11 1
70 -2 1
70 -1 6
71 -2 1
71 -1 1
71 1 1
73 -3 1
73 -2 3
73 -1 12
74 -6 1
74 -3 2
74 -2 2
74 -1 6
75 -8 1
75 -4 1
75 -3 1
76 -1 3
77 -2 1
77 -1 10
78 -2 1
78 -1 7
79 -3 2
79 -1 7
80 -7 1
80 -4 3
80 -1 2
81 -3 1
82 -2 2
82 -1 9
83 -2 5
83 -1 9
85 -3 1
86 -3 1
86 -1 11
88 -2 2
88 -1 12
90 -1 15
