ROI: mrcA
Phase: 1
Total nodes checked: 3341185
Total variants found: 905965
0 A 7
0 C 3
0 T 9
0 N 4682
1 C 1
1 G 1
1 N 13872
2 A 5
2 C 4
2 T 1
2 N 6124
3 G 3
3 N 2813
4 C 1
4 G 1
4 N 22698
5 A 33
5 T 25
5 N 7591
6 C 6
6 N 10135
7 A 55
7 G 5
7 T 14
7 N 4074
8 A 9
8 C 7
8 N 4932
9 A 11
9 C 10
9 N 6478
10 A 61
10 G 8
10 T 14
10 N 24312
11 A 14
11 C 12
11 N 5022
12 A 4
12 G 4
12 T 17
12 N 23796
13 C 5
13 G 6
13 N 41349
14 A 8
14 C 4
14 T 5
14 N 10164
15 A 3
15 C 3
15 T 9
15 N 8394
16 A 1
16 G 16
16 N 13551
17 A 3
17 C 5
17 T 16
17 N 7625
18 C 7
18 G 9
18 N 8731
19 A 39
19 G 7
19 T 15
19 N 5818
20 A 25
20 C 15
20 T 2
20 N 5507
21 G 11
21 T 10
21 N 24592
22 A 10
22 C 9
22 N 8136
23 A 37
23 G 1
23 T 19
23 N 4445
24 C 10
24 G 1
24 N 3653
25 G 2
25 T 9
25 N 7087
26 A 11
26 C 10
26 N 6258
27 A 50
27 G 2
27 T 23
27 N 2480
28 A 153
28 G 12
28 T 12
28 N 12779
29 A 34
29 C 20
29 N 4912
30 A 47
30 G 10
30 T 6
30 N 4709
31 C 10
31 G 1
31 N 7119
32 N 4992
33 G 4
33 T 1
33 N 7646
34 C 11
34 G 1
34 N 15323
35 A 31
35 G 10
35 T 6
35 N 4275
36 A 9
36 C 8
36 T 1
36 N 2925
37 T 10
37 N 30192
38 G 18
38 N 13306
39 A 1
39 C 10
39 T 8
39 N 6643
40 A 52
40 G 7
40 T 5
40 N 5321
41 A 63
41 G 10
41 T 7
41 N 6204
42 A 16
42 C 7
42 T 10
42 N 4090
43 G 7
43 N 7259
44 A 9
44 C 1
44 N 4371
45 G 1
45 T 17
45 N 3158
46 A 8
46 G 9
46 N 5201
47 T 10
47 N 4558
48 A 4
48 C 8
48 T 1
48 N 5169
49 A 79
49 G 18
49 T 5
49 N 9319
50 A 17
50 C 18
50 T 2
50 N 7494
51 A 32
51 G 10
51 T 12
51 N 8807
52 C 10
52 G 8
52 N 4518
53 A 3
53 C 1
53 T 9
53 N 3668
54 A 1
54 T 8
54 N 11071
55 C 8
55 G 10
55 N 13431
56 A 51
56 G 8
56 T 14
56 N 7511
57 A 15
57 C 12
57 N 3875
58 A 3
58 T 8
58 N 5885
59 G 19
59 N 120212
60 A 1
60 T 11
60 N 15265
61 C 7
61 N 4513
62 G 11
62 T 8
62 N 5948
63 C 11
63 N 5198
64 N 3874
65 G 8
65 N 5334
66 A 9
66 T 13
66 N 5571
67 G 13
67 T 8
67 N 8939
68 A 11
68 N 5664
69 N 6095
70 C 5
70 N 6013
71 A 49
71 G 2
71 T 10
71 N 10285
72 C 10
72 G 2
72 N 22411
73 G 1
73 T 5
73 N 14914
74 A 9
74 C 5
74 N 9950
75 A 58
75 T 11
75 N 3840
76 C 9
76 G 6
76 N 33096
77 A 14
77 N 2038
78 G 13
78 N 5108
79 A 10
79 C 2
79 N 2746
80 A 72
80 G 6
80 T 2
80 N 10665
81 C 6
81 N 10329
82 G 5
82 N 8042
83 A 3
83 T 3
83 N 2535
84 G 1
84 N 8507
85 G 1
85 N 3321
86 A 3
86 N 6184
87 T 2
87 N 4113
88 C 2
88 G 1
88 N 7672
89 A 24
89 G 1
89 T 3
89 N 1643
90 A 63
90 G 1
90 T 3
90 N 9123
0 -19 1
0 -7 2
0 -6 1
0 -5 3
0 -4 3
0 -3 3
0 -2 16
0 -1 81
0 1 6
0 2 1
1 -8 1
1 -5 1
1 -4 1
1 -3 2
1 -2 13
1 -1 35
1 1 2
1 3 1
2 -10 1
2 -5 1
2 -4 2
2 -3 6
2 -2 7
2 -1 16
2 1 8
2 2 1
2 3 1
3 -7 1
3 -6 1
3 -5 2
3 -4 3
3 -3 1
3 -2 4
3 -1 1
3 1 2
3 2 2
4 -11 1
4 -7 2
4 -6 1
4 -3 3
4 -2 26
4 -1 102
5 -4 2
5 -3 10
5 -2 17
5 -1 132
5 1 2
6 -5 1
6 -4 1
6 -3 3
6 -2 5
6 -1 15
6 1 7
6 4 1
7 -4 3
7 -3 1
7 -2 9
7 -1 22
7 1 5
8 -2 6
8 -1 1
8 1 6
8 2 2
9 -10 1
9 -4 1
9 -3 3
9 -2 5
9 -1 37
10 -6 1
10 -5 2
10 -4 1
10 -3 6
10 -2 10
10 -1 35
10 1 6
11 -7 1
11 -3 3
11 -2 8
11 -1 14
11 1 11
12 -9 1
12 -5 1
12 -4 1
12 -3 5
12 -2 10
12 -1 23
12 1 4
13 -15 1
13 -6 1
13 -4 1
13 -3 1
13 -2 2
13 -1 16
13 1 12
13 2 1
14 -8 2
14 -5 2
14 -4 1
14 -2 3
14 -1 1
14 1 1
15 -9 1
15 -4 2
15 -3 6
15 -2 5
15 -1 42
16 -5 3
16 -4 1
16 -3 1
16 -2 4
16 -1 29
16 1 2
17 -13 1
17 -4 1
17 -2 11
17 -1 21
17 1 6
18 -4 1
18 -3 4
18 -2 8
18 -1 34
18 1 1
19 -5 1
19 -3 2
19 -2 4
19 -1 12
19 1 1
19 2 1
20 -7 1
20 -6 1
20 -4 2
20 -2 5
20 -1 12
20 1 11
21 -5 1
21 -3 1
21 -2 11
21 -1 31
21 1 4
21 4 1
22 -8 1
22 -7 1
22 -5 2
22 -4 1
22 -3 6
22 -2 19
22 -1 110
22 1 4
23 -10 1
23 -3 1
23 -2 6
23 -1 16
23 1 5
24 -6 1
24 -4 2
24 -3 1
24 -2 1
24 1 11
25 -9 1
25 -6 1
25 -5 1
25 -4 2
25 -3 2
25 -2 23
25 -1 154
25 2 1
26 -7 1
26 -5 2
26 -4 2
26 -3 2
26 -2 22
26 -1 143
26 1 2
27 -4 5
27 -2 4
27 1 6
28 -15 1
28 -4 1
28 -3 2
28 -2 1
28 -1 32
29 -7 1
29 -4 1
29 -3 1
29 -2 6
29 -1 19
29 1 7
30 -13 1
30 -4 1
30 -3 6
30 -2 8
30 -1 30
31 -8 1
31 -5 1
31 -2 1
31 -1 1
31 1 4
32 -3 4
32 -1 1
33 -7 2
33 -5 1
33 -4 1
33 -3 2
33 -2 8
34 -12 1
34 -7 2
34 -5 2
34 -4 5
34 -3 2
34 -2 24
34 -1 231
35 -11 2
35 -8 1
35 -7 1
35 -3 1
35 -2 10
35 -1 60
35 1 6
36 -5 2
36 -2 1
36 -1 1
36 1 2
37 -5 1
37 -4 3
37 -3 2
37 -2 8
37 -1 32
38 -4 2
38 -3 3
38 -2 4
38 -1 12
38 1 8
39 -6 2
39 -5 4
39 -3 2
39 -2 3
39 -1 16
39 1 1
40 -7 1
40 -5 5
40 -4 1
40 -3 7
40 -2 8
40 -1 2
41 -3 2
41 -2 7
41 -1 26
42 -3 2
42 -2 5
42 -1 12
42 1 11
43 -8 1
43 -7 1
43 -6 3
43 -5 1
43 -2 5
43 1 1
44 -3 3
44 -2 4
44 -1 24
45 -6 1
45 -4 1
45 -2 7
45 -1 10
45 1 8
46 -4 2
46 -3 4
46 -2 10
46 -1 69
46 2 1
47 -8 1
47 -5 2
47 -2 1
47 1 1
48 -14 1
48 -4 2
48 -3 8
48 -2 2
48 -1 31
48 2 1
49 -6 1
49 -5 1
49 -4 4
49 -3 4
49 -2 1
49 -1 21
49 1 7
50 -3 1
50 -2 8
50 -1 12
50 1 5
51 -6 1
51 -4 2
51 -3 1
51 -2 2
51 -1 21
51 1 1
52 -5 1
52 -2 1
52 -1 9
52 1 3
53 -2 2
54 -5 1
54 -3 1
54 -2 7
54 -1 37
55 -7 1
55 -6 1
55 -3 4
55 -2 10
55 -1 25
55 1 1
56 -21 1
56 -8 2
56 -4 3
56 -2 3
56 -1 13
56 1 1
57 -2 1
57 -1 1
57 1 6
58 -11 1
58 -6 1
58 -5 2
58 -4 1
58 -2 3
58 -1 27
59 -8 1
59 -3 5
59 -2 8
59 -1 11
59 1 4
60 -16 1
60 -6 1
60 -5 2
60 -4 2
60 -3 2
60 -2 2
60 1 7
61 -12 1
61 -6 2
61 -4 1
61 -3 2
61 -2 3
61 -1 33
62 -9 1
62 -8 1
62 -5 1
62 -4 2
62 -3 3
62 -2 6
62 -1 18
62 1 2
63 -3 1
63 1 6
64 -3 2
64 -2 1
65 -3 2
65 -2 3
65 -1 34
66 -21 1
66 -6 1
66 -4 1
66 -3 1
66 -2 7
66 -1 18
66 1 5
67 -4 1
67 -2 6
67 -1 21
67 1 1
68 -11 1
68 -4 1
68 -3 1
68 1 1
69 -6 1
69 -3 3
69 -2 5
70 -4 1
70 -3 4
70 -2 11
70 -1 77
71 -3 1
71 -2 2
71 -1 11
71 1 5
72 -7 1
72 -2 1
72 -1 1
72 1 2
73 -4 6
73 -3 1
73 -2 10
73 -1 100
74 -7 1
74 -6 2
74 -5 2
74 -4 2
74 -3 3
74 -2 11
74 -1 96
74 1 2
75 -2 3
75 -1 10
75 1 1
76 -2 1
76 -1 13
76 1 4
77 -8 1
77 -7 1
77 -5 1
77 -4 1
77 -3 1
77 -2 7
77 -1 76
78 -6 2
78 -5 1
78 -2 10
78 -1 37
78 1 3
79 -11 1
79 -8 1
79 -6 1
79 -3 7
79 -2 8
79 -1 79
79 1 4
80 -6 1
80 -5 1
80 -4 2
80 -3 2
80 -2 9
80 -1 26
80 1 1
81 -10 1
81 -8 1
81 -2 2
81 1 4
82 -3 5
82 -2 3
82 -1 90
83 -7 1
83 -6 2
83 -3 3
83 -2 6
83 -1 128
83 1 3
84 -7 1
84 -5 1
84 -3 1
85 -5 1
85 -3 1
85 -2 6
86 -4 3
86 -2 2
86 -1 49
87 -4 2
87 -3 2
87 -2 3
87 1 5
88 -3 2
88 -2 3
88 -1 118
89 -2 3
89 1 1
90 -1 156
91 1 15
