ROI: mrcA
Phase: 2
Total nodes checked: 3006510
Total variants found: 713857
0 A 8
0 T 22
0 N 2838
1 C 1
1 G 4
1 N 15320
2 A 13
2 C 2
2 T 3
2 N 5747
3 G 5
3 N 1482
4 C 5
4 G 1
4 N 16434
5 A 29
5 G 1
5 T 32
5 N 3268
6 C 8
6 N 7102
7 A 45
7 G 6
7 T 17
7 N 1484
8 A 8
8 C 12
8 N 2382
9 A 4
9 C 12
9 N 4600
10 A 41
10 G 17
10 T 10
10 N 4860
11 A 10
11 C 21
11 T 4
11 N 2427
12 A 6
12 G 10
12 T 17
12 N 1909
13 C 10
13 G 7
13 N 39079
14 A 6
14 C 7
14 T 11
14 N 2217
15 A 3
15 C 4
15 T 7
15 N 4731
16 C 1
16 G 18
16 N 9310
17 A 10
17 C 3
17 T 21
17 N 3924
18 C 7
18 G 12
18 N 3965
19 A 20
19 G 7
19 T 16
19 N 2863
20 A 19
20 C 20
20 N 13111
21 G 15
21 T 10
21 N 4434
22 A 16
22 C 8
22 N 2778
23 A 43
23 G 1
23 T 18
23 N 2397
24 C 13
24 N 1689
25 G 1
25 T 7
25 N 2795
26 A 13
26 C 8
26 N 7732
27 A 65
27 T 19
27 N 1603
28 A 86
28 G 8
28 T 9
28 N 4090
29 A 21
29 C 25
29 T 1
29 N 2895
30 A 38
30 G 14
30 T 6
30 N 4749
31 C 14
31 T 1
31 N 2030
32 G 1
32 N 2278
33 G 1
33 N 2664
34 C 9
34 G 3
34 N 8150
35 A 44
35 G 7
35 T 12
35 N 1535
36 A 7
36 C 13
36 N 3090
37 A 1
37 T 9
37 N 6511
38 G 21
38 N 12104
39 A 2
39 C 8
39 T 13
39 N 2673
40 A 45
40 G 13
40 T 6
40 N 1729
41 A 52
41 G 6
41 T 5
41 N 6927
42 A 16
42 C 14
42 T 7
42 N 1564
43 C 1
43 G 14
43 N 5956
44 A 5
44 N 2164
45 T 20
45 N 2617
46 A 16
46 G 6
46 N 2832
47 A 2
47 C 1
47 T 13
47 N 1743
48 A 6
48 C 8
48 T 2
48 N 3941
49 A 72
49 G 19
49 T 10
49 N 5960
50 A 2
50 C 19
50 N 1560
51 A 38
51 G 14
51 T 7
51 N 4502
52 C 15
52 G 5
52 N 79048
53 A 5
53 T 15
53 N 4246
54 A 2
54 T 5
54 N 2593
55 C 4
55 G 13
55 N 5852
56 A 42
56 G 4
56 T 14
56 N 2821
57 A 4
57 C 14
57 T 2
57 N 2389
58 A 3
58 T 4
58 N 1157
59 G 20
59 N 129276
60 T 16
60 N 1337
61 C 3
61 T 1
61 N 1750
62 A 4
62 G 13
62 T 7
62 N 5743
63 A 1
63 C 14
63 G 1
63 N 3463
64 C 1
64 N 2217
65 G 3
65 N 1763
66 A 3
66 T 15
66 N 16983
67 G 17
67 T 2
67 N 9025
68 A 14
68 C 1
68 N 5054
69 N 1848
70 C 1
70 G 1
70 N 3021
71 A 47
71 G 1
71 T 18
71 N 91156
72 C 14
72 N 4685
73 G 2
73 T 1
73 N 3381
74 A 13
74 N 5559
75 A 47
75 T 12
75 N 3202
76 C 10
76 G 1
76 N 2256
77 A 14
77 N 1367
78 G 12
78 N 3981
79 A 12
79 C 1
79 N 3998
80 A 43
80 G 8
80 N 8941
81 C 8
81 G 2
81 T 1
81 N 2497
82 G 1
82 N 4527
83 A 9
83 T 3
83 N 1346
84 G 8
84 N 9061
85 N 2570
86 N 2535
87 C 1
87 T 8
87 N 1609
88 G 2
88 N 3871
89 A 41
89 G 1
89 T 5
89 N 1082
90 A 72
90 G 1
90 T 6
90 N 2902
0 -30 9
0 -28 5
0 -23 1
0 -6 1
0 -5 4
0 -4 1
0 -3 5
0 -2 19
0 -1 86
0 1 2
0 2 1
1 -7 1
1 -4 5
1 -3 2
1 -2 12
1 -1 27
1 1 2
2 -12 2
2 -4 1
2 -3 1
2 -2 7
2 -1 24
2 1 3
2 3 1
3 -4 2
3 -3 3
3 -2 6
3 1 1
4 -8 1
4 -4 2
4 -3 2
4 -2 16
4 -1 109
5 -7 1
5 -4 1
5 -3 15
5 -2 28
5 -1 120
5 1 8
5 2 1
6 -27 1
6 -6 2
6 -5 1
6 -4 1
6 -3 1
6 -2 12
6 -1 15
6 1 5
7 -10 1
7 -7 1
7 -4 1
7 -2 7
7 -1 20
7 1 7
8 -5 1
8 -3 2
8 -2 1
8 -1 2
8 1 10
9 -7 1
9 -6 1
9 -4 2
9 -3 6
9 -2 11
9 -1 44
10 -8 1
10 -7 1
10 -6 1
10 -5 2
10 -3 2
10 -2 6
10 -1 29
10 1 3
11 -5 1
11 -4 1
11 -3 2
11 -2 15
11 -1 18
11 1 9
12 -9 1
12 -8 1
12 -4 6
12 -3 7
12 -2 5
12 -1 32
12 1 1
13 -4 1
13 -2 2
13 -1 12
13 1 8
14 -8 2
14 -6 1
14 -2 1
14 -1 1
14 1 2
14 2 1
15 -8 1
15 -6 2
15 -4 3
15 -3 6
15 -2 6
15 -1 32
15 2 1
15 3 2
16 -15 1
16 -7 1
16 -5 1
16 -4 4
16 -3 1
16 -2 2
16 -1 21
16 1 2
16 2 1
17 -6 2
17 -4 2
17 -2 15
17 -1 21
17 1 2
18 -11 1
18 -7 1
18 -5 1
18 -3 1
18 -2 6
18 -1 34
18 1 2
19 -9 1
19 -5 1
19 -3 2
19 -2 1
19 -1 18
19 1 5
20 -4 4
20 -3 1
20 -2 3
20 -1 21
20 1 8
21 -7 1
21 -6 1
21 -5 1
21 -3 2
21 -2 5
21 -1 26
21 1 2
22 -10 1
22 -8 1
22 -6 2
22 -5 2
22 -3 4
22 -2 21
22 -1 103
22 1 2
22 2 2
22 5 1
23 -3 4
23 -2 4
23 -1 20
23 1 6
23 2 1
24 -5 1
24 -4 4
24 -2 3
24 1 5
24 4 1
25 -10 1
25 -5 2
25 -4 1
25 -3 4
25 -2 26
25 -1 133
25 3 1
26 -7 2
26 -6 3
26 -5 1
26 -3 4
26 -2 19
26 -1 159
26 1 2
27 -7 1
27 -6 1
27 -4 3
27 -2 1
27 -1 2
27 1 8
28 -6 1
28 -4 2
28 -3 4
28 -2 3
28 -1 26
29 -4 1
29 -3 4
29 -2 4
29 -1 13
29 1 7
30 -7 1
30 -5 1
30 -4 3
30 -3 6
30 -2 13
30 -1 31
31 -4 2
31 1 1
32 -10 1
32 -9 1
32 -3 3
33 -5 2
33 -4 2
33 -3 1
33 -2 7
34 -7 2
34 -5 2
34 -4 1
34 -3 11
34 -2 34
34 -1 215
35 -9 1
35 -7 1
35 -4 3
35 -3 2
35 -2 15
35 -1 77
35 1 11
36 -3 1
36 1 3
37 -6 2
37 -4 2
37 -3 6
37 -2 2
37 -1 55
38 -7 1
38 -5 1
38 -4 1
38 -3 4
38 -2 6
38 -1 11
38 1 6
39 -5 3
39 -4 2
39 -3 1
39 -2 3
39 -1 11
39 2 1
40 -8 1
40 -7 1
40 -6 1
40 -5 3
40 -4 1
40 -3 1
40 -2 2
40 -1 1
40 1 2
41 -6 1
41 -4 2
41 -3 1
41 -2 3
41 -1 25
42 -9 1
42 -3 1
42 -1 10
42 1 9
43 -6 1
43 -5 1
43 -2 4
44 -13 1
44 -7 2
44 -3 4
44 -2 2
44 -1 37
45 -7 1
45 -5 1
45 -4 1
45 -3 1
45 -2 5
45 -1 14
45 1 9
46 -10 1
46 -8 1
46 -7 1
46 -4 2
46 -3 4
46 -2 13
46 -1 70
46 1 1
47 -5 1
47 -4 1
47 -2 1
47 1 4
48 -7 1
48 -6 1
48 -4 2
48 -3 5
48 -2 2
48 -1 37
49 -11 1
49 -6 5
49 -5 2
49 -4 3
49 -3 2
49 -2 1
49 -1 14
49 1 3
50 -2 12
50 -1 15
50 1 7
51 -4 2
51 -2 4
51 -1 21
52 -5 1
52 -1 4
52 1 4
52 2 1
53 -4 1
53 -2 4
53 1 1
54 -4 1
54 -2 8
54 -1 35
55 -7 2
55 -6 1
55 -5 2
55 -3 1
55 -2 5
55 -1 18
55 1 2
55 4 1
56 -8 1
56 -5 2
56 -4 2
56 -3 2
56 -2 2
56 -1 16
56 1 5
57 -2 2
57 1 2
58 -6 1
58 -2 6
58 -1 36
59 -3 2
59 -2 5
59 -1 21
59 1 4
60 -5 1
60 -4 4
60 -3 5
60 1 3
61 -4 3
61 -3 4
61 -2 12
61 -1 32
62 -8 1
62 -7 1
62 -6 2
62 -5 1
62 -4 1
62 -3 3
62 -2 7
62 -1 21
62 1 5
63 1 2
64 -3 1
64 -2 2
65 -2 3
65 -1 40
66 -5 3
66 -4 1
66 -3 3
66 -2 2
66 -1 21
66 1 6
67 -4 2
67 -3 3
67 -2 8
67 -1 23
67 1 3
68 -5 1
68 -3 1
68 1 1
69 -4 4
69 -3 3
69 -2 6
70 -6 1
70 -5 1
70 -3 4
70 -2 12
70 -1 77
71 -3 1
71 -2 2
71 -1 13
71 1 11
72 -5 1
72 1 3
72 2 1
73 -6 1
73 -5 1
73 -4 8
73 -2 12
73 -1 118
74 -4 1
74 -3 4
74 -2 10
74 -1 108
74 1 8
75 -12 1
75 -8 2
75 -3 2
75 -2 5
75 -1 11
75 1 3
76 -2 2
76 -1 10
76 1 4
77 -12 1
77 -7 1
77 -5 2
77 -4 5
77 -3 1
77 -2 1
77 -1 97
78 -6 2
78 -2 3
78 -1 33
78 1 3
79 -6 1
79 -5 3
79 -3 7
79 -2 7
79 -1 100
79 1 2
80 -7 2
80 -5 2
80 -4 8
80 -3 5
80 -2 10
80 -1 30
80 1 1
81 -9 1
81 -2 3
81 1 3
82 -4 2
82 -3 3
82 -2 9
82 -1 117
83 -6 1
83 -5 2
83 -3 1
83 -2 8
83 -1 119
83 1 2
84 -5 2
84 -3 4
84 1 1
85 -4 1
85 -3 1
85 -2 1
86 -5 2
86 -4 2
86 -3 1
86 -2 2
86 -1 72
87 -4 1
87 -3 3
87 -2 1
87 1 5
88 -3 1
88 -2 5
88 -1 163
89 -2 2
89 1 5
90 -1 149
91 1 11
