ROI: mrcA
Phase: 6
Total nodes checked: 1714779
Total variants found: 380690
0 A 5
0 C 7
0 T 11
0 N 2498
1 G 5
1 N 5095
2 A 20
2 C 3
2 T 6
2 N 2684
3 G 6
3 N 1007
4 C 7
4 G 4
4 N 8987
5 A 109
5 G 1
5 T 50
5 N 12837
6 A 1
6 C 13
6 G 1
6 N 11707
7 A 614
7 G 11
7 T 33
7 N 4236
8 A 66
8 C 8
8 T 1
8 N 1999
9 A 12
9 C 17
9 N 3929
10 A 622
10 G 18
10 T 18
10 N 3659
11 A 90
11 C 25
11 T 3
11 N 1740
12 A 115
12 G 10
12 T 28
12 N 4506
13 C 14
13 G 9
13 N 8207
14 A 25
14 C 10
14 T 18
14 N 1689
15 A 17
15 C 8
15 T 18
15 N 3510
16 G 22
16 N 23208
17 A 14
17 C 6
17 T 23
17 N 2483
18 C 14
18 G 11
18 N 2107
19 A 378
19 G 14
19 T 31
19 N 2335
20 A 77
20 C 21
20 T 3
20 N 2822
21 C 1
21 G 19
21 T 15
21 N 2648
22 A 16
22 C 14
22 N 3537
23 A 116
23 G 1
23 T 28
23 N 2920
24 C 17
24 G 5
24 N 693
25 G 2
25 T 16
25 N 2111
26 A 16
26 C 17
26 N 4864
27 A 551
27 G 5
27 T 30
27 N 885
28 A 1498
28 G 17
28 T 31
28 N 8408
29 A 338
29 C 40
29 T 4
29 N 6375
30 A 264
30 G 15
30 T 8
30 N 3077
31 C 16
31 G 5
31 N 1634
32 G 4
32 N 1852
33 G 2
33 T 1
33 N 1280
34 C 23
34 G 2
34 N 2676
35 A 129
35 G 21
35 T 15
35 N 1446
36 A 79
36 C 14
36 T 1
36 N 1071
37 A 7
37 T 21
37 N 1876
38 G 31
38 N 12139
39 A 14
39 C 19
39 T 15
39 N 2858
40 A 481
40 G 15
40 T 10
40 N 1021
41 A 700
41 G 20
41 T 4
41 N 2597
42 A 150
42 C 16
42 T 22
42 N 2000
43 G 17
43 N 1629
44 A 16
44 C 2
44 N 1391
45 G 4
45 T 33
45 N 1686
46 A 18
46 G 15
46 N 1528
47 A 6
47 T 19
47 N 1198
48 A 8
48 C 15
48 T 2
48 N 1999
49 A 865
49 G 34
49 T 4
49 N 4548
50 A 114
50 C 33
50 T 1
50 N 1336
51 A 266
51 G 19
51 T 21
51 N 2977
52 C 17
52 G 13
52 N 1018
53 A 25
53 C 1
53 T 20
53 N 1458
54 A 3
54 T 14
54 N 1096
55 C 14
55 G 20
55 N 50967
56 A 544
56 G 12
56 T 25
56 N 2511
57 A 149
57 C 18
57 T 6
57 N 975
58 A 2
58 C 1
58 T 11
58 N 1322
59 G 29
59 N 14991
60 A 14
60 T 19
60 N 1342
61 A 2
61 C 12
61 T 3
61 N 2171
62 A 47
62 G 16
62 T 14
62 N 10242
63 C 19
63 G 1
63 N 3278
64 N 2216
65 G 10
65 N 1130
66 A 11
66 T 18
66 N 727
67 G 19
67 T 11
67 N 7432
68 A 18
68 N 1193
69 G 1
69 N 1175
70 C 9
70 G 1
70 N 3582
71 A 429
71 G 13
71 T 20
71 N 3396
72 C 14
72 G 1
72 N 1550
73 G 3
73 T 8
73 N 1419
74 A 12
74 C 7
74 G 1
74 N 2849
75 A 346
75 T 18
75 N 3928
76 C 11
76 G 7
76 N 3130
77 A 19
77 T 4
77 N 778
78 G 18
78 N 2393
79 A 11
79 C 6
79 N 1120
80 A 288
80 G 8
80 T 9
80 N 2535
81 C 8
81 G 1
81 N 1230
82 G 7
82 T 1
82 N 4484
83 A 7
83 T 4
83 N 737
84 C 1
84 G 6
84 N 10094
85 N 1971
86 C 1
86 N 1333
87 T 6
87 N 1648
88 G 4
88 N 2635
89 A 133
89 T 12
89 N 826
90 A 807
90 G 2
90 T 11
90 N 5116
0 -30 1
0 -28 7
0 -10 1
0 -6 3
0 -5 5
0 -4 2
0 -3 7
0 -2 25
0 -1 137
0 1 7
0 2 1
0 5 1
1 -6 2
1 -5 1
1 -4 6
1 -3 14
1 -2 25
1 -1 54
1 1 5
2 -8 1
2 -5 2
2 -4 1
2 -3 10
2 -2 18
2 -1 49
2 1 11
3 -10 1
3 -8 1
3 -7 1
3 -6 2
3 -5 3
3 -4 3
3 -3 1
3 -2 6
3 -1 1
3 1 3
4 -6 1
4 -5 3
4 -4 3
4 -3 13
4 -2 51
4 -1 169
5 -10 1
5 -9 1
5 -6 1
5 -5 1
5 -4 4
5 -3 8
5 -2 51
5 -1 195
5 1 9
5 5 1
6 -5 2
6 -4 3
6 -3 8
6 -2 10
6 -1 28
6 1 14
6 2 1
6 3 1
7 -8 1
7 -7 2
7 -6 1
7 -4 3
7 -3 3
7 -2 15
7 -1 42
7 1 9
8 -13 1
8 -5 1
8 -4 1
8 -3 1
8 -2 4
8 -1 2
8 1 16
8 2 1
9 -5 3
9 -4 1
9 -3 8
9 -2 16
9 -1 83
9 1 1
9 2 2
10 -7 1
10 -6 3
10 -5 3
10 -4 6
10 -3 3
10 -2 7
10 -1 53
10 1 10
11 -8 1
11 -4 1
11 -3 1
11 -2 28
11 -1 31
11 1 12
12 -9 1
12 -6 1
12 -5 1
12 -4 2
12 -3 9
12 -2 14
12 -1 45
12 1 9
12 3 2
13 -7 1
13 -6 2
13 -4 2
13 -3 3
13 -2 3
13 -1 27
13 1 10
13 2 1
14 -13 1
14 -8 1
14 -5 4
14 -4 2
14 -3 1
14 -2 5
14 1 8
15 -21 1
15 -10 1
15 -7 1
15 -4 4
15 -3 15
15 -2 12
15 -1 69
16 -15 1
16 -9 1
16 -8 1
16 -5 3
16 -4 5
16 -3 5
16 -2 10
16 -1 43
16 1 7
17 -29 1
17 -15 1
17 -5 1
17 -4 1
17 -3 4
17 -2 25
17 -1 36
17 1 10
18 -6 3
18 -5 2
18 -3 7
18 -2 17
18 -1 51
18 1 5
18 3 1
19 -9 1
19 -7 1
19 -5 1
19 -4 1
19 -3 4
19 -2 13
19 -1 39
19 1 7
19 2 1
20 -26 1
20 -11 1
20 -8 1
20 -7 1
20 -5 2
20 -4 4
20 -3 3
20 -2 7
20 -1 25
20 1 8
20 2 1
21 -8 1
21 -7 1
21 -6 2
21 -5 1
21 -3 1
21 -2 15
21 -1 58
21 1 3
21 2 1
22 -10 3
22 -5 2
22 -4 3
22 -3 9
22 -2 44
22 -1 175
22 1 5
22 3 1
23 -9 1
23 -8 2
23 -6 2
23 -4 1
23 -3 5
23 -2 9
23 -1 28
23 1 6
24 -6 1
24 -5 1
24 -4 3
24 -3 3
24 -2 3
24 1 13
25 -11 1
25 -5 4
25 -4 2
25 -3 11
25 -2 50
25 -1 323
25 1 1
25 2 1
25 3 1
26 -8 1
26 -7 2
26 -6 1
26 -5 1
26 -4 1
26 -3 12
26 -2 51
26 -1 290
26 1 7
27 -7 1
27 -5 1
27 -4 5
27 -2 2
27 -1 8
27 1 7
28 -10 1
28 -4 1
28 -3 10
28 -2 9
28 -1 58
29 -9 1
29 -5 2
29 -3 1
29 -2 7
29 -1 20
29 1 17
30 -7 2
30 -4 3
30 -3 6
30 -2 17
30 -1 70
30 1 4
31 -6 1
31 -2 1
31 1 4
32 -11 1
32 -8 1
32 -4 3
32 -3 4
33 -4 4
33 -3 6
33 -2 20
34 -10 1
34 -9 1
34 -8 2
34 -7 1
34 -6 5
34 -5 2
34 -4 2
34 -3 10
34 -2 62
34 -1 408
35 -11 1
35 -7 1
35 -4 1
35 -3 2
35 -2 14
35 -1 116
35 1 6
36 -7 1
36 -5 5
36 -3 1
36 -1 1
36 1 6
37 -10 1
37 -9 1
37 -6 1
37 -5 1
37 -4 1
37 -3 6
37 -2 12
37 -1 64
38 -13 1
38 -7 2
38 -5 1
38 -4 1
38 -3 6
38 -2 17
38 -1 26
38 1 7
39 -13 1
39 -10 1
39 -5 8
39 -4 5
39 -2 6
39 -1 34
39 1 2
40 -30 1
40 -21 1
40 -7 1
40 -5 4
40 -4 3
40 -3 12
40 -2 12
40 -1 5
40 1 6
41 -7 1
41 -6 1
41 -5 1
41 -4 1
41 -3 2
41 -2 5
41 -1 46
42 -2 8
42 -1 32
42 1 24
43 -13 1
43 -6 2
43 -5 1
43 -3 1
43 -2 7
43 1 1
44 -18 1
44 -7 1
44 -5 1
44 -4 2
44 -3 4
44 -2 7
44 -1 48
45 -8 1
45 -4 1
45 -3 4
45 -2 10
45 -1 20
45 1 8
46 -10 1
46 -5 1
46 -4 6
46 -3 6
46 -2 23
46 -1 155
46 1 4
47 -9 1
47 -6 1
47 -5 1
47 -4 2
47 -2 1
47 -1 1
47 1 4
48 -8 1
48 -5 1
48 -4 2
48 -3 6
48 -2 9
48 -1 63
49 -8 1
49 -7 1
49 -6 6
49 -5 4
49 -4 3
49 -3 5
49 -2 4
49 -1 26
49 1 4
50 -3 1
50 -2 16
50 -1 21
50 1 7
51 -10 1
51 -6 1
51 -4 2
51 -3 2
51 -2 5
51 -1 33
51 1 2
52 -9 1
52 -5 3
52 -4 1
52 -2 5
52 -1 14
52 1 5
53 -19 1
53 -3 3
53 -2 8
53 -1 1
53 1 2
54 -9 1
54 -6 1
54 -5 3
54 -3 1
54 -2 12
54 -1 76
55 -6 2
55 -5 1
55 -4 1
55 -3 6
55 -2 10
55 -1 35
55 1 1
56 -5 2
56 -4 7
56 -3 2
56 -2 7
56 -1 26
56 1 6
57 -6 2
57 -2 4
57 1 5
58 -7 3
58 -6 1
58 -5 1
58 -4 3
58 -2 7
58 -1 78
59 -24 1
59 -4 2
59 -3 9
59 -2 14
59 -1 27
59 1 3
60 -5 4
60 -4 4
60 -3 2
60 -2 4
60 1 6
61 -6 2
61 -5 1
61 -4 6
61 -3 7
61 -2 16
61 -1 86
62 -11 1
62 -6 1
62 -5 1
62 -4 3
62 -3 3
62 -2 4
62 -1 34
62 1 6
63 -3 1
63 1 10
64 -4 1
64 -3 2
64 -2 4
65 -6 1
65 -2 7
65 -1 76
66 -5 2
66 -4 1
66 -3 4
66 -2 8
66 -1 29
66 1 14
66 2 1
67 -7 1
67 -5 1
67 -4 2
67 -3 9
67 -2 8
67 -1 35
67 1 5
68 -8 1
68 -5 6
68 -3 3
69 -14 1
69 -6 2
69 -4 1
69 -3 2
69 -2 9
69 -1 1
70 -6 1
70 -5 1
70 -4 1
70 -3 6
70 -2 18
70 -1 195
71 -6 1
71 -5 1
71 -4 1
71 -3 6
71 -2 6
71 -1 28
71 1 24
72 -7 1
72 -2 1
72 1 8
73 -6 1
73 -4 3
73 -3 1
73 -2 23
73 -1 229
73 5 1
74 -9 1
74 -5 4
74 -4 3
74 -3 9
74 -2 19
74 -1 222
74 1 3
75 -4 2
75 -3 3
75 -2 5
75 -1 26
75 1 2
76 -14 2
76 -4 1
76 -2 1
76 -1 27
76 1 7
77 -6 2
77 -5 1
77 -3 6
77 -2 9
77 -1 181
77 1 2
78 -8 1
78 -6 3
78 -5 3
78 -4 1
78 -2 19
78 -1 56
78 1 3
79 -7 2
79 -6 1
79 -5 2
79 -3 8
79 -2 22
79 -1 183
79 1 4
80 -6 2
80 -5 2
80 -4 13
80 -3 1
80 -2 13
80 -1 73
80 1 1
81 -3 1
81 -2 5
81 1 9
82 -8 1
82 -7 1
82 -3 4
82 -2 15
82 -1 195
83 -8 1
83 -3 4
83 -2 12
83 -1 235
83 1 3
84 -7 1
84 -6 2
84 -5 1
84 -4 3
84 -3 1
84 1 2
85 -5 1
85 -4 2
85 -2 7
86 -4 3
86 -3 1
86 -2 7
86 -1 119
87 -4 1
87 -2 5
87 1 12
88 -3 1
88 -2 7
88 -1 319
89 -2 3
89 1 5
90 -1 260
90 2 1
91 1 16
