ROI: mrcA
Phase: 4
Total nodes checked: 3446564
Total variants found: 603998
0 A 7
0 C 3
0 T 10
0 N 2910
1 C 1
1 G 2
1 N 13377
2 A 7
2 C 2
2 T 3
2 N 6056
3 G 5
3 N 2274
4 C 1
4 G 2
4 N 8956
5 A 40
5 G 1
5 T 17
5 N 3895
6 C 5
6 N 13169
7 A 149
7 G 2
7 T 11
7 N 10809
8 A 22
8 C 10
8 T 1
8 N 3709
9 A 3
9 C 5
9 T 1
9 N 4604
10 A 131
10 G 13
10 T 5
10 N 3367
11 A 39
11 C 18
11 T 1
11 N 6231
12 A 42
12 G 11
12 T 10
12 N 4526
13 C 13
13 G 4
13 N 18441
14 A 6
14 C 2
14 T 15
14 N 3411
15 A 6
15 C 3
15 T 6
15 N 5827
16 G 17
16 N 7451
17 A 9
17 C 2
17 T 20
17 N 4638
18 C 4
18 G 14
18 N 37097
19 A 133
19 G 5
19 T 22
19 N 17832
20 A 34
20 C 19
20 T 2
20 N 3042
21 G 18
21 T 7
21 N 6876
22 A 17
22 C 7
22 G 1
22 N 30172
23 A 51
23 T 28
23 N 3414
24 C 14
24 G 1
24 N 2068
25 G 1
25 T 6
25 N 5317
26 A 13
26 C 8
26 G 1
26 N 5861
27 A 158
27 G 1
27 T 20
27 N 1222
28 A 548
28 G 7
28 T 5
28 N 6709
29 A 141
29 C 21
29 T 4
29 N 3982
30 A 120
30 G 12
30 T 3
30 N 3526
31 C 13
31 G 3
31 N 2699
32 G 1
32 N 4110
33 G 5
33 T 1
33 N 8536
34 C 10
34 G 1
34 N 18617
35 A 64
35 G 12
35 T 4
35 N 2107
36 A 21
36 C 12
36 T 1
36 N 5037
37 A 5
37 T 12
37 N 6238
38 C 1
38 G 21
38 N 46748
39 A 4
39 C 10
39 T 11
39 N 2288
40 A 137
40 G 10
40 T 7
40 N 3048
41 A 375
41 G 10
41 T 4
41 N 3848
42 A 67
42 C 10
42 T 11
42 N 2040
43 G 12
43 N 4038
44 A 8
44 C 1
44 N 2929
45 G 1
45 T 19
45 N 2092
46 A 10
46 G 8
46 N 4065
47 A 3
47 T 9
47 N 5488
48 A 3
48 C 8
48 T 3
48 N 4026
49 A 225
49 G 19
49 T 9
49 N 4444
50 A 40
50 C 17
50 T 1
50 N 2755
51 A 96
51 G 10
51 T 9
51 N 6670
52 C 11
52 G 6
52 N 2276
53 A 7
53 C 1
53 T 11
53 N 4098
54 A 3
54 C 3
54 T 6
54 N 6371
55 C 5
55 G 11
55 N 7439
56 A 141
56 G 5
56 T 9
56 N 5364
57 A 44
57 C 9
57 T 4
57 N 5582
58 A 2
58 C 2
58 T 5
58 N 3650
59 G 13
59 N 12481
60 A 5
60 C 1
60 T 11
60 N 2191
61 A 2
61 C 3
61 N 2560
62 A 8
62 G 11
62 T 3
62 N 3638
63 C 10
63 N 2950
64 N 2120
65 G 3
65 N 4023
66 A 5
66 C 1
66 T 10
66 N 4728
67 G 11
67 T 3
67 N 11674
68 A 10
68 N 2707
69 N 4385
70 C 3
70 N 8329
71 A 139
71 G 4
71 T 14
71 N 5596
72 C 10
72 N 2716
73 G 2
73 T 5
73 N 13044
74 A 10
74 C 5
74 N 4322
75 A 115
75 G 2
75 T 8
75 N 10604
76 C 8
76 G 5
76 N 3240
77 A 15
77 N 5235
78 G 11
78 N 10059
79 A 5
79 C 4
79 N 2033
80 A 124
80 G 5
80 T 1
80 N 3212
81 C 3
81 N 2729
82 G 3
82 N 4138
83 A 1
83 T 3
83 N 2014
84 A 1
84 G 1
84 N 12728
85 N 2892
86 A 1
86 N 2755
87 T 2
87 N 4344
88 C 1
88 G 3
88 N 3686
89 A 46
89 T 4
89 N 2847
90 A 392
90 G 3
90 T 8
90 N 8399
0 -30 2
0 -28 1
0 -6 1
0 -5 1
0 -4 1
0 -3 3
0 -2 7
0 -1 56
0 1 3
1 -3 1
1 -2 6
1 -1 13
2 -3 3
2 -2 4
2 -1 13
2 1 3
3 -7 1
3 -4 2
3 -3 2
3 -2 4
3 1 1
3 2 1
4 -12 1
4 -9 1
4 -4 2
4 -3 3
4 -2 20
4 -1 82
5 -4 3
5 -3 5
5 -2 23
5 -1 80
5 1 1
6 -6 1
6 -3 2
6 -2 4
6 -1 8
6 1 4
7 -4 3
7 -2 7
7 -1 17
7 1 4
8 -10 1
8 -5 1
8 -2 3
8 -1 4
8 1 6
8 2 1
9 -5 1
9 -4 3
9 -3 4
9 -2 6
9 -1 47
10 -4 1
10 -3 2
10 -2 6
10 -1 21
10 1 1
11 -3 1
11 -2 14
11 -1 11
11 1 4
11 5 1
12 -6 1
12 -5 1
12 -4 1
12 -3 3
12 -2 3
12 -1 30
12 1 1
12 2 1
13 -3 1
13 -2 1
13 -1 9
13 1 4
14 -6 1
14 -5 1
14 -4 1
14 -2 2
14 -1 1
14 1 1
14 4 1
15 -4 2
15 -3 3
15 -2 5
15 -1 33
16 -4 2
16 -3 2
16 -2 1
16 -1 22
16 1 2
17 -6 2
17 -4 1
17 -3 1
17 -2 13
17 -1 14
17 1 5
18 -9 1
18 -7 1
18 -6 1
18 -5 1
18 -3 1
18 -2 4
18 -1 15
18 1 1
19 -3 2
19 -2 4
19 -1 15
19 1 2
19 3 1
20 -4 1
20 -2 5
20 -1 15
20 1 5
20 2 1
21 -8 1
21 -5 1
21 -2 3
21 -1 20
21 1 1
22 -10 1
22 -4 1
22 -3 6
22 -2 24
22 -1 74
23 -2 5
23 -1 18
23 1 3
24 -7 1
24 -6 1
24 -5 1
24 -4 1
24 -3 2
24 -2 3
24 1 10
25 -6 1
25 -3 2
25 -2 21
25 -1 107
26 -9 1
26 -8 1
26 -6 1
26 -5 1
26 -4 2
26 -3 3
26 -2 28
26 -1 104
26 1 2
27 -4 3
27 -3 1
27 -2 2
27 -1 1
27 2 1
27 5 1
28 -11 1
28 -5 1
28 -3 3
28 -2 4
28 -1 20
28 4 1
29 -9 1
29 -6 1
29 -2 4
29 -1 18
29 1 3
30 -6 1
30 -4 1
30 -3 4
30 -2 2
30 -1 29
30 1 2
31 -5 2
31 -1 1
31 1 2
32 -7 1
32 -6 1
32 -4 1
32 -3 2
33 -10 1
33 -3 2
33 -2 6
33 -1 1
34 -4 3
34 -3 6
34 -2 18
34 -1 152
34 2 1
35 -18 1
35 -11 1
35 -4 1
35 -3 2
35 -2 12
35 -1 61
35 1 4
36 1 2
37 -6 1
37 -2 3
37 -1 24
38 -2 7
38 -1 12
38 1 4
39 -7 1
39 -5 1
39 -2 6
39 -1 8
39 1 4
40 -6 2
40 -5 1
40 -4 1
40 -3 6
40 1 1
40 2 1
41 -3 3
41 -2 2
41 -1 25
42 -2 1
42 -1 10
42 1 10
43 -8 2
43 -7 1
43 -5 2
43 -2 3
43 1 2
43 3 1
44 -3 3
44 -2 3
44 -1 21
45 -4 1
45 -2 5
45 -1 14
45 1 3
46 -5 2
46 -4 2
46 -3 2
46 -2 4
46 -1 53
46 1 1
47 -4 1
47 -2 2
47 1 2
48 -2 4
48 -1 30
49 -6 1
49 -5 3
49 -2 1
49 -1 10
49 1 4
50 -2 9
50 -1 8
51 -7 3
51 -4 1
51 -3 2
51 -2 2
51 -1 18
52 -2 2
52 -1 9
52 1 1
53 -11 1
53 -3 2
53 2 1
54 -2 3
54 -1 21
55 -6 1
55 -5 1
55 -3 5
55 -2 2
55 -1 14
55 1 1
56 -4 2
56 -2 3
56 -1 12
56 1 2
57 -2 4
57 1 4
57 2 1
58 -6 1
58 -5 2
58 -4 1
58 -2 2
58 -1 34
59 -3 4
59 -2 6
59 -1 14
59 1 7
59 3 1
60 -4 1
60 -2 1
60 1 3
61 -5 2
61 -4 2
61 -3 1
61 -2 8
61 -1 26
62 -4 3
62 -3 1
62 -2 2
62 -1 15
62 1 3
63 1 5
64 -11 1
64 -9 1
64 -7 1
64 -3 1
64 -2 2
65 -2 5
65 -1 35
66 -9 1
66 -5 2
66 -3 3
66 -2 2
66 -1 11
66 1 7
67 -4 3
67 -3 4
67 -2 7
67 -1 18
67 1 2
68 -3 2
68 1 2
69 -10 1
69 -3 1
69 -2 2
70 -5 3
70 -2 15
70 -1 79
71 -5 1
71 -3 2
71 -2 1
71 -1 14
71 1 10
72 -5 1
72 -2 3
72 1 1
73 -10 1
73 -4 2
73 -2 10
73 -1 95
74 -6 1
74 -5 1
74 -3 3
74 -2 15
74 -1 79
74 1 2
75 -3 1
75 -2 3
75 -1 5
75 1 1
76 -4 1
76 -2 1
76 -1 15
76 1 2
77 -11 1
77 -3 2
77 -2 2
77 -1 82
77 1 2
78 -2 6
78 -1 23
79 -6 1
79 -3 1
79 -2 8
79 -1 73
79 1 3
80 -7 1
80 -5 1
80 -4 4
80 -3 2
80 -2 6
80 -1 18
81 -3 1
81 -2 2
81 1 3
82 -2 5
82 -1 78
83 -7 1
83 -4 1
83 -3 1
83 -2 6
83 -1 94
83 1 3
84 -5 1
84 1 2
85 -5 1
85 -3 1
85 -2 3
86 -5 1
86 -2 4
86 -1 43
87 1 12
88 -3 1
88 -2 1
88 -1 92
89 -2 2
89 1 4
90 -1 94
91 1 3
