ROI: mrcA
Phase: 3
Total nodes checked: 834571
Total variants found: 185962
0 A 1
0 C 1
0 T 1
0 N 787
1 G 1
1 N 22440
2 A 2
2 T 1
2 N 1118
3 G 2
3 N 1138
4 G 1
4 N 5657
5 A 6
5 T 3
5 N 1151
6 C 1
6 N 3159
7 A 12
7 T 3
7 N 519
8 C 2
8 N 1650
9 N 979
10 A 20
10 G 1
10 T 6
10 N 4332
11 A 2
11 C 3
11 N 830
12 A 1
12 G 1
12 T 3
12 N 1349
13 C 1
13 N 6448
14 C 2
14 T 3
14 N 1179
15 A 1
15 C 1
15 N 912
16 G 2
16 N 3749
17 A 2
17 C 2
17 T 2
17 N 975
18 G 2
18 N 1119
19 A 14
19 T 3
19 N 4049
20 A 3
20 C 2
20 N 1121
21 G 2
21 N 5459
22 A 2
22 N 945
23 A 6
23 T 6
23 N 1284
24 C 3
24 G 1
24 N 557
25 N 2167
26 A 3
26 N 4324
27 A 20
27 T 6
27 N 352
28 A 47
28 T 1
28 N 3843
29 A 10
29 C 2
29 N 1495
30 A 5
30 G 2
30 T 3
30 N 1066
31 C 2
31 N 683
32 N 651
33 N 1594
34 G 1
34 N 3594
35 A 3
35 T 1
35 N 441
36 C 2
36 N 887
37 A 2
37 N 1530
38 G 2
38 N 7595
39 T 2
39 N 515
40 A 21
40 G 2
40 T 1
40 N 1128
41 A 23
41 N 1313
42 A 6
42 C 2
42 N 674
43 G 2
43 N 1099
44 N 690
45 T 2
45 N 1097
46 A 2
46 N 834
47 A 1
47 T 2
47 N 962
48 A 1
48 C 1
48 N 2001
49 A 30
49 G 3
49 T 2
49 N 1301
50 A 4
50 C 3
50 N 569
51 A 9
51 G 2
51 T 1
51 N 939
52 C 2
52 G 2
52 N 1794
53 T 2
53 N 818
54 T 2
54 N 1393
55 C 1
55 G 2
55 N 1672
56 A 14
56 G 1
56 T 2
56 N 1408
57 A 4
57 C 2
57 T 1
57 N 451
58 T 3
58 N 2795
59 G 4
59 N 1972
60 T 2
60 N 608
61 C 2
61 N 829
62 G 2
62 T 4
62 N 1443
63 C 2
63 N 1778
64 N 467
65 G 2
65 N 654
66 A 2
66 T 2
66 N 1650
67 G 2
67 T 1
67 N 10273
68 A 2
68 N 728
69 N 569
70 N 3934
71 A 14
71 G 2
71 T 4
71 N 1937
72 C 2
72 N 779
73 G 1
73 T 1
73 N 1102
74 A 2
74 C 1
74 N 5991
75 A 15
75 T 3
75 N 937
76 C 2
76 N 724
77 A 2
77 N 374
78 G 2
78 N 1678
79 A 2
79 N 877
80 A 13
80 G 1
80 T 2
80 N 729
81 C 1
81 G 1
81 N 739
82 N 1398
83 A 2
83 N 552
84 G 1
84 N 4232
85 N 748
86 N 1150
87 T 1
87 N 686
88 N 5828
89 A 1
89 T 1
89 N 375
90 A 34
90 T 2
90 N 1933
0 -5 2
0 -4 1
0 -3 1
0 -2 4
0 -1 10
1 -3 5
1 -2 2
1 -1 8
2 -2 1
2 -1 3
2 1 1
3 -3 3
3 -2 1
3 1 1
4 -5 1
4 -3 3
4 -2 6
4 -1 28
5 -2 7
5 -1 29
6 -3 4
6 -1 5
7 -2 3
7 -1 5
7 1 2
8 1 1
9 -4 1
9 -3 2
9 -2 1
9 -1 10
10 -9 1
10 -7 1
10 -5 1
10 -4 1
10 -3 4
10 -2 5
10 -1 1
11 -3 1
11 -2 4
11 -1 4
11 1 1
12 -5 1
12 -4 1
12 -3 1
12 -2 2
12 -1 5
12 1 1
13 -16 1
13 -2 1
13 -1 3
14 -2 2
15 -15 1
15 -6 1
15 -5 1
15 -4 2
15 -3 2
15 -2 2
15 -1 8
16 -1 7
17 -3 1
17 -2 8
17 -1 5
18 -10 1
18 -7 1
18 -5 1
18 -4 1
18 -2 2
18 -1 2
19 -7 1
19 -5 2
19 -3 1
19 -2 1
19 -1 1
19 1 2
20 -2 1
20 -1 2
20 1 3
21 -7 1
21 -2 2
21 -1 6
22 -5 2
22 -3 1
22 -2 7
22 -1 21
23 -3 1
23 -2 2
23 -1 5
23 1 3
24 -5 1
24 -4 2
24 1 1
25 -2 7
25 -1 47
26 -6 1
26 -3 3
26 -2 6
26 -1 26
26 1 1
27 -4 1
27 -2 1
27 1 1
28 -3 2
28 -2 1
28 -1 4
29 -3 1
29 -2 3
29 -1 3
29 1 1
30 -7 1
30 -5 1
30 -2 1
30 -1 12
31 -6 1
32 -4 1
32 -3 2
33 -3 1
33 -2 4
34 -6 1
34 -4 3
34 -3 3
34 -2 7
34 -1 66
35 -4 3
35 -2 3
35 -1 16
35 1 1
36 -2 1
36 -1 1
37 -3 1
37 -2 2
37 -1 14
38 -3 1
38 -2 2
38 -1 3
39 -6 1
39 -5 1
39 -2 1
39 -1 2
39 1 1
40 -8 1
40 -4 1
40 -3 2
40 -2 3
41 -3 2
41 -1 4
42 -7 1
42 -2 2
42 -1 5
42 1 1
43 -2 1
44 -1 3
45 -2 1
45 -1 1
45 1 1
46 -4 1
46 -2 1
46 -1 20
48 -4 1
48 -3 1
48 -2 1
48 -1 10
49 -6 2
49 -5 2
49 -3 3
49 -1 3
50 -2 1
50 -1 1
50 1 1
51 -7 1
51 -2 2
51 -1 8
52 -1 1
52 1 1
54 -3 1
54 -2 3
54 -1 9
55 -7 1
55 -6 1
55 -3 1
55 -1 5
55 1 2
56 -4 3
56 -2 1
56 -1 3
56 1 1
58 -4 3
58 -3 1
58 -1 9
59 -8 1
59 -3 1
59 -2 5
59 -1 3
60 -2 1
60 1 2
61 -4 4
61 -3 3
61 -2 2
61 -1 9
62 -5 1
62 -3 1
62 -2 3
62 -1 3
62 1 1
63 1 2
64 -2 1
65 -6 1
65 -3 1
65 -2 1
65 -1 9
66 -5 1
66 -3 3
66 -2 2
66 -1 2
67 -13 1
67 -7 1
67 -3 2
67 -1 5
68 -5 1
69 -6 2
69 -3 1
69 -2 1
70 -11 1
70 -2 4
70 -1 24
71 -3 1
71 -2 1
71 -1 3
71 1 2
73 -4 1
73 -3 1
73 -2 6
73 -1 32
74 -6 1
74 -3 3
74 -2 3
74 -1 21
74 1 1
75 -8 1
75 -4 1
75 -3 1
75 -1 1
75 1 2
76 -1 5
76 1 1
77 -4 1
77 -2 3
77 -1 24
78 -2 2
78 -1 12
79 -3 2
79 -2 2
79 -1 32
80 -7 1
80 -4 3
80 -2 1
80 -1 8
81 -3 1
82 -8 1
82 -2 6
82 -1 25
83 -3 1
83 -2 7
83 -1 24
85 -3 1
86 -3 1
86 -1 23
88 -2 2
88 -1 40
89 -2 1
90 -1 32
91 1 2
