ROI: mrcA
Phase: 5
Total nodes checked: 232023
Total variants found: 105603
0 C 2
0 T 1
0 N 418
1 N 2218
2 N 722
3 N 185
4 N 2153
5 A 1
5 N 368
6 N 1004
7 N 480
8 A 1
8 N 513
9 A 1
9 N 703
10 A 3
10 T 3
10 N 768
11 A 4
11 N 388
12 N 528
13 N 2754
14 N 612
15 N 619
16 N 1054
17 N 1759
18 N 779
19 A 5
19 T 1
19 N 525
20 A 1
20 C 1
20 N 459
21 G 1
21 T 1
21 N 807
22 A 1
22 N 302
23 A 3
23 T 1
23 N 689
24 C 1
24 N 276
25 N 464
26 A 1
26 N 1003
27 A 3
27 T 1
27 N 488
28 A 14
28 N 868
29 A 3
29 C 1
29 N 586
30 A 1
30 G 1
30 T 1
30 N 677
31 C 1
31 N 376
32 N 746
33 G 1
33 N 671
34 N 1004
35 A 1
35 N 205
36 C 1
36 N 407
37 N 464
38 G 1
38 N 12192
39 T 1
39 N 478
40 A 2
40 G 1
40 N 329
41 A 2
41 N 534
42 C 1
42 N 558
43 G 1
43 N 480
44 N 296
45 T 1
45 N 304
46 A 1
46 N 756
47 T 1
47 N 210
48 N 406
49 A 4
49 G 1
49 N 695
50 A 1
50 C 1
50 N 698
51 A 1
51 G 1
51 T 1
51 N 500
52 C 1
52 N 209
53 T 1
53 N 338
54 N 558
55 G 1
55 N 5919
56 T 1
56 N 1093
57 A 1
57 C 1
57 N 236
58 N 251
59 G 1
59 N 2222
60 T 1
60 N 245
61 N 369
62 G 1
62 N 583
63 C 1
63 N 315
64 N 284
65 N 518
66 T 1
66 N 292
67 G 1
67 N 3132
68 A 1
68 N 560
69 N 308
70 N 708
71 A 4
71 T 1
71 N 515
72 C 1
72 N 1656
73 N 393
74 N 493
75 A 5
75 N 28936
76 N 605
77 N 285
78 N 466
79 N 251
80 A 2
80 N 367
81 N 319
82 N 626
83 N 216
84 N 1863
85 N 270
86 N 344
87 N 254
88 N 471
89 A 1
89 N 119
90 A 4
90 N 1059
0 -2 1
0 -1 2
1 -7 1
1 -3 1
1 -1 1
2 -2 1
2 -1 1
2 1 1
3 -9 1
3 -5 1
3 -4 2
3 -2 1
4 -7 1
4 -4 2
4 -3 2
4 -2 3
4 -1 7
5 -3 2
5 -1 6
6 -1 1
7 -3 1
7 -1 1
7 1 1
8 1 1
9 -2 2
9 -1 6
10 -8 1
10 -1 3
11 -2 1
11 -1 1
12 -1 1
13 -4 1
13 -1 1
14 -5 1
15 -3 1
15 -1 6
16 -1 2
17 -1 1
18 -3 3
18 -1 3
19 1 1
20 -4 1
20 -3 1
20 -2 1
21 -1 3
22 -10 1
22 -2 1
22 -1 6
23 -3 1
23 1 1
24 -4 1
25 -4 1
25 -2 3
25 -1 14
26 -8 1
26 -5 1
26 -3 1
26 -2 3
26 -1 10
28 -3 1
30 -4 2
30 -2 1
30 -1 3
33 -10 1
34 -5 2
34 -2 4
34 -1 17
35 -8 1
35 -3 1
35 -2 1
35 -1 9
37 -6 1
37 -2 1
37 -1 2
38 -2 1
38 -1 1
39 -5 1
39 -2 1
39 -1 2
41 -1 1
42 -5 1
42 -1 1
42 1 1
43 -6 1
43 -4 1
43 -2 1
44 -3 1
44 -2 1
44 -1 5
45 -10 1
45 -1 1
46 -4 1
46 -2 1
46 -1 7
46 1 1
48 -7 1
48 -2 1
48 -1 4
49 -14 1
49 -2 1
49 -1 1
50 -2 2
51 -1 4
52 -5 1
53 -2 1
54 -2 1
54 -1 1
55 -2 1
56 -2 1
58 -6 1
58 -4 2
58 -2 1
58 -1 1
59 -3 1
59 -2 1
59 -1 2
60 -4 1
60 -2 1
61 -9 1
61 -2 1
62 -8 2
62 -3 2
62 -1 2
65 -2 1
65 -1 4
67 -10 1
67 -3 2
67 -1 2
70 -1 7
71 -2 1
71 -1 1
73 -2 4
73 -1 7
74 -9 1
74 -6 1
74 -2 2
74 -1 11
75 -1 2
77 -11 1
77 -5 1
77 -1 1
78 -1 2
79 -2 2
79 -1 4
80 -5 1
80 -3 1
80 -1 5
82 -2 1
82 -1 8
83 -3 1
83 -1 5
84 -6 1
84 -5 1
85 -3 1
86 -1 6
87 1 1
88 -3 1
88 -2 1
88 -1 10
89 1 1
90 -1 10
91 1 2
