ROI: mrcA
Phase: 2
Total nodes checked: 683792
Total variants found: 257648
0 A 3
0 T 4
0 N 1025
1 C 1
1 G 1
1 N 5545
2 A 2
2 N 2052
3 G 1
3 N 555
4 C 1
4 N 5988
5 A 7
5 T 6
5 N 1152
6 C 2
6 N 2622
7 A 10
7 G 1
7 T 5
7 N 531
8 A 1
8 C 4
8 N 871
9 A 2
9 C 2
9 N 1707
10 A 8
10 G 5
10 T 2
10 N 1676
11 C 6
11 N 888
12 G 3
12 T 4
12 N 707
13 C 3
13 G 2
13 N 14187
14 A 1
14 T 3
14 N 794
15 T 2
15 N 1670
16 G 6
16 N 3320
17 A 1
17 C 1
17 T 6
17 N 1491
18 C 3
18 G 3
18 N 1404
19 A 3
19 G 3
19 T 4
19 N 1051
20 A 6
20 C 4
20 N 4863
21 G 4
21 T 4
21 N 1561
22 A 3
22 C 3
22 N 1014
23 A 5
23 G 1
23 T 4
23 N 863
24 C 3
24 N 603
25 T 2
25 N 1073
26 A 3
26 C 2
26 N 2829
27 A 7
27 T 4
27 N 609
28 A 12
28 G 2
28 T 1
28 N 1491
29 A 1
29 C 5
29 N 1040
30 A 4
30 G 3
30 T 1
30 N 1738
31 C 3
31 N 740
32 N 835
33 G 1
33 N 1001
34 C 2
34 N 2974
35 A 8
35 G 1
35 T 1
35 N 545
36 A 1
36 C 2
36 N 1087
37 A 1
37 T 2
37 N 2390
38 G 3
38 N 4387
39 C 2
39 T 1
39 N 986
40 A 5
40 G 1
40 N 608
41 A 5
41 G 2
41 T 1
41 N 2549
42 A 2
42 C 1
42 T 3
42 N 565
43 G 1
43 N 2186
44 A 2
44 N 793
45 T 3
45 N 978
46 A 1
46 G 2
46 N 1017
47 T 1
47 N 664
48 C 3
48 T 1
48 N 1428
49 A 14
49 G 2
49 T 3
49 N 2210
50 A 1
50 C 2
50 N 555
51 A 3
51 G 1
51 T 2
51 N 1614
52 C 1
52 G 1
52 N 29200
53 T 1
53 N 1584
54 A 1
54 T 1
54 N 967
55 C 1
55 G 1
55 N 2078
56 A 6
56 G 1
56 T 1
56 N 1017
57 A 1
57 C 1
57 T 1
57 N 901
58 T 1
58 N 426
59 G 2
59 N 45622
60 T 2
60 N 495
61 T 1
61 N 635
62 G 1
62 N 2055
63 C 1
63 N 1252
64 N 828
65 N 652
66 A 1
66 T 1
66 N 5936
67 G 1
67 N 3322
68 A 1
68 C 1
68 N 1819
69 N 657
70 G 1
70 N 1131
71 A 5
71 T 1
71 N 33176
72 C 1
72 N 1736
73 G 1
73 N 1273
74 A 1
74 N 1982
75 A 6
75 T 1
75 N 1161
76 C 1
76 N 817
77 A 2
77 N 516
78 G 1
78 N 1496
79 A 2
79 N 1491
80 A 6
80 G 1
80 N 3240
81 C 1
81 N 894
82 N 1700
83 A 2
83 N 468
84 G 1
84 N 3188
85 N 964
86 N 913
87 C 1
87 T 1
87 N 598
88 G 1
88 N 1421
89 A 6
89 T 1
89 N 379
90 A 11
90 G 1
90 T 1
90 N 1058
0 -6 1
0 -5 2
0 -3 2
0 -2 6
0 -1 17
0 1 1
1 -4 1
1 -2 1
1 -1 7
1 1 1
2 -2 3
2 -1 7
3 -4 1
3 -2 2
4 -4 1
4 -3 1
4 -2 5
4 -1 25
5 -3 6
5 -2 8
5 -1 31
5 1 1
6 -6 1
6 -2 4
6 -1 3
7 -10 1
7 -2 1
7 -1 8
8 -2 1
8 -1 2
9 -2 4
9 -1 9
10 -8 1
10 -7 1
10 -3 1
10 -2 3
10 -1 10
10 1 1
11 -5 1
11 -3 1
11 -2 5
11 -1 6
11 1 3
12 -8 1
12 -4 1
12 -3 1
12 -1 6
13 -4 1
13 -2 2
13 -1 2
14 -8 2
14 -6 1
15 -6 1
15 -4 3
15 -3 1
15 -2 1
15 -1 9
15 2 1
16 -15 1
16 -5 1
16 -4 3
16 -1 5
17 -6 1
17 -2 7
17 -1 6
17 1 1
18 -11 1
18 -7 1
18 -2 1
18 -1 7
19 -1 6
19 1 1
20 -4 2
20 -3 1
20 -2 1
20 -1 4
21 -7 1
21 -6 1
21 -5 1
21 -3 1
21 -2 1
21 -1 7
22 -6 1
22 -5 1
22 -3 1
22 -2 8
22 -1 21
22 1 1
23 -3 1
23 -2 2
23 -1 2
23 1 1
24 -5 1
24 -4 2
25 -10 1
25 -5 1
25 -3 1
25 -2 7
25 -1 25
26 -6 1
26 -5 1
26 -3 1
26 -2 7
26 -1 34
27 -6 1
27 -4 1
27 1 1
28 -6 1
28 -4 2
28 -3 1
28 -2 1
28 -1 5
29 -3 1
29 -2 3
29 -1 3
29 1 1
30 -7 1
30 -4 3
30 -3 1
30 -2 5
30 -1 6
31 -4 1
32 -10 1
32 -3 3
33 -3 1
33 -2 4
34 -7 1
34 -5 2
34 -4 1
34 -3 1
34 -2 8
34 -1 55
35 -9 1
35 -7 1
35 -3 2
35 -2 2
35 -1 16
35 1 1
37 -6 1
37 -4 1
37 -3 3
37 -2 2
37 -1 15
38 -7 1
38 -5 1
38 -3 2
38 -2 1
38 -1 3
38 1 1
39 -5 1
39 -4 2
39 -1 2
40 -8 1
40 -5 2
40 -2 2
41 -6 1
41 -3 1
41 -2 2
41 -1 8
42 -1 3
42 1 3
43 -5 1
44 -7 2
44 -3 2
44 -2 1
44 -1 13
45 -7 1
45 -4 1
45 -3 1
45 -2 1
45 -1 2
45 1 1
46 -10 1
46 -8 1
46 -4 1
46 -3 4
46 -2 4
46 -1 17
47 -5 1
47 -4 1
48 -7 1
48 -4 2
48 -3 2
48 -2 2
48 -1 10
49 -6 4
49 -5 2
49 -4 1
49 -3 2
49 -2 1
49 -1 5
50 -2 2
50 -1 2
51 -2 1
51 -1 4
52 1 2
53 -4 1
53 -2 1
54 -2 3
54 -1 5
55 -5 1
55 -3 1
55 -2 2
55 -1 5
55 1 1
56 -5 2
56 -4 1
56 -1 2
57 1 1
58 -6 1
58 -2 2
58 -1 8
59 -1 4
60 -4 2
60 -3 1
60 1 1
61 -4 2
61 -3 3
61 -2 2
61 -1 12
62 -8 1
62 -6 1
62 -5 1
62 -3 1
62 -2 2
62 -1 5
62 1 2
64 -2 1
65 -1 9
66 -5 2
66 -4 1
66 -3 1
66 -1 4
67 -4 2
67 -2 4
67 -1 6
68 -5 1
69 -4 2
69 -3 1
69 -2 4
70 -6 1
70 -3 1
70 -2 3
70 -1 9
71 -3 1
71 -2 1
71 -1 3
71 1 3
72 1 1
73 -4 2
73 -2 5
73 -1 25
74 -3 3
74 -2 2
74 -1 23
74 1 1
75 -12 1
75 -8 2
75 -2 1
75 -1 4
76 -1 2
76 1 1
77 -12 1
77 -4 1
77 -1 17
78 -6 1
78 -2 2
78 -1 8
79 -6 1
79 -5 2
79 -3 2
79 -2 2
79 -1 22
80 -5 1
80 -4 6
80 -3 1
80 -2 3
80 -1 9
81 -2 2
82 -3 1
82 -2 3
82 -1 30
83 -5 1
83 -2 3
83 -1 35
84 -3 2
86 -5 1
86 -4 2
86 -3 1
86 -1 13
87 -4 1
87 1 1
88 -2 3
88 -1 51
90 -1 36
