ROI: mrcA
Phase: 6
Total nodes checked: 71890
Total variants found: 31358
0 N 235
1 N 427
2 T 1
2 N 229
3 G 1
3 N 94
4 N 787
5 T 1
5 N 1063
6 N 988
7 A 17
7 N 381
8 N 163
9 N 341
10 A 25
10 N 308
11 A 2
11 C 1
11 N 164
12 A 1
12 G 1
12 N 391
13 C 1
13 N 696
14 T 1
14 N 124
15 C 1
15 T 3
15 N 303
16 G 2
16 N 1978
17 T 2
17 N 233
18 C 1
18 G 1
18 N 181
19 A 6
19 G 1
19 T 4
19 N 211
20 A 2
20 C 1
20 T 1
20 N 235
21 G 1
21 T 1
21 N 191
22 A 1
22 C 1
22 N 313
23 A 4
23 T 1
23 N 239
24 C 1
24 G 1
24 N 60
25 T 1
25 N 172
26 A 1
26 C 1
26 N 393
27 A 9
27 T 1
27 N 64
28 A 31
28 G 1
28 N 768
29 A 7
29 C 2
29 T 1
29 N 543
30 A 8
30 G 1
30 N 267
31 C 1
31 N 137
32 N 179
33 N 106
34 C 2
34 N 245
35 A 6
35 G 2
35 T 1
35 N 102
36 A 1
36 C 1
36 N 95
37 T 2
37 N 180
38 G 3
38 N 1075
39 C 2
39 T 1
39 N 252
40 A 8
40 G 1
40 N 109
41 A 10
41 G 2
41 N 219
42 A 1
42 C 1
42 T 2
42 N 144
43 G 1
43 N 137
44 A 2
44 N 117
45 G 1
45 T 3
45 N 136
46 A 1
46 G 2
46 N 122
47 T 1
47 N 98
48 C 2
48 N 200
49 A 30
49 G 4
49 N 399
50 A 4
50 C 2
50 N 122
51 A 2
51 G 1
51 T 2
51 N 273
52 C 1
52 G 2
52 N 75
53 A 1
53 T 1
53 N 140
54 T 2
54 N 105
55 C 2
55 G 1
55 N 4192
56 A 9
56 G 2
56 T 1
56 N 199
57 A 1
57 C 1
57 N 75
58 T 2
58 N 95
59 G 3
59 N 1228
60 T 1
60 N 119
61 C 2
61 N 191
62 G 1
62 T 3
62 N 894
63 C 1
63 N 249
64 N 204
65 G 2
65 N 105
66 A 1
66 T 1
66 N 69
67 G 1
67 T 2
67 N 634
68 A 1
68 N 95
69 N 113
70 N 333
71 A 13
71 T 3
71 N 256
72 C 1
72 N 130
73 N 101
74 A 1
74 N 259
75 A 10
75 T 1
75 N 325
76 C 1
76 N 248
77 A 1
77 N 56
78 N 200
79 N 76
80 A 5
80 N 216
81 N 103
82 N 395
83 N 58
84 N 841
85 N 176
86 N 110
87 N 123
88 N 216
89 A 5
89 T 1
89 N 68
90 A 17
90 N 438
0 -10 1
0 -6 1
0 -5 2
0 -1 10
1 -4 1
1 -3 1
1 -2 4
1 -1 4
2 -8 1
2 -3 1
2 -2 1
3 -2 1
4 -4 1
4 -3 3
4 -2 8
4 -1 6
5 -10 1
5 -3 1
5 -2 4
5 -1 12
6 -5 1
6 -1 1
7 -2 1
7 -1 5
9 -3 4
9 -2 1
9 -1 2
10 -6 1
10 -1 2
10 1 1
11 -2 1
12 -4 1
12 -1 2
13 -7 1
13 -6 1
13 -1 1
14 -4 1
14 1 1
15 -21 1
15 -10 1
15 -3 1
15 -2 3
15 -1 4
16 -9 1
16 -4 2
16 -2 1
16 -1 3
17 -15 1
17 -3 1
17 -2 3
17 -1 2
17 1 1
18 -3 2
18 -2 1
18 -1 2
18 1 1
19 -2 2
19 -1 1
20 -26 1
20 -7 1
20 -5 1
20 -4 1
20 -3 1
20 -2 1
20 -1 2
21 -1 1
22 -2 5
22 -1 8
23 -9 1
23 -6 1
23 -3 1
23 -1 3
25 -11 1
25 -3 2
25 -2 3
25 -1 13
26 -8 1
26 -3 1
26 -2 3
26 -1 7
27 -7 1
28 -10 1
28 -3 2
28 -1 1
29 -5 1
29 -1 2
30 -4 1
30 -2 1
32 -11 1
32 -3 1
33 -3 1
33 -2 1
34 -8 1
34 -6 1
34 -3 1
34 -2 7
34 -1 34
35 -11 1
35 -2 2
35 -1 6
37 -10 1
37 -9 1
37 -6 1
37 -5 1
37 -3 2
37 -1 5
38 -5 1
38 -2 2
39 -13 1
39 -5 2
39 -4 2
39 -1 2
40 -7 1
40 -4 1
40 -3 1
40 -2 2
41 -1 4
42 1 2
43 -3 1
44 -18 1
44 -3 1
44 -1 2
45 -8 1
45 -2 1
46 -10 1
46 -4 1
46 -2 3
46 -1 5
47 -9 1
48 -8 1
48 -1 3
49 -8 1
49 -6 1
49 -3 1
49 -2 1
49 -1 2
49 1 1
50 -2 3
50 1 1
51 -1 1
52 -1 1
53 -19 1
54 -1 4
55 -6 1
55 -2 1
56 -4 1
56 -1 2
56 1 1
58 -5 1
58 -2 1
58 -1 2
59 -24 1
59 -3 1
59 -1 1
60 -5 2
60 1 1
61 -6 1
61 -4 1
61 -2 1
61 -1 3
62 -11 1
62 -6 1
62 -2 1
62 -1 2
65 -2 1
65 -1 4
66 -5 1
66 -1 2
67 -7 1
67 -3 2
67 -2 2
67 -1 2
68 -5 1
69 -6 1
69 -3 1
69 -2 1
70 -2 1
70 -1 7
71 -5 1
71 -1 5
73 -4 1
73 -1 10
74 -9 1
74 -4 1
74 -1 7
76 -14 1
76 -1 2
77 -6 1
77 -5 1
77 -2 1
77 -1 6
78 -1 3
79 -7 1
79 -3 2
79 -2 2
79 -1 8
80 -6 1
80 -5 1
80 -1 5
82 -2 1
82 -1 14
83 -8 1
83 -1 16
85 -2 1
86 -1 6
88 -2 1
88 -1 12
90 -1 7
