ROI: mrcA
Phase: 3
Total nodes checked: 91926
Total variants found: 32566
0 N 137
1 N 3749
2 N 201
3 N 212
4 N 939
5 A 2
5 N 192
6 N 578
7 A 1
7 N 91
8 N 295
9 N 155
10 A 2
10 T 1
10 N 728
11 N 149
12 T 1
12 N 222
13 N 1138
14 T 1
14 N 197
15 N 153
16 G 1
16 N 660
17 A 1
17 C 1
17 T 1
17 N 165
18 G 1
18 N 173
19 T 1
19 N 737
20 A 1
20 C 1
20 N 186
21 G 1
21 N 942
22 A 1
22 N 166
23 T 1
23 N 246
24 C 1
24 N 92
25 N 376
26 A 1
26 N 730
27 T 3
27 N 60
28 A 6
28 N 681
29 C 1
29 N 248
30 G 1
30 T 1
30 N 201
31 C 1
31 N 118
32 N 128
33 N 296
34 N 604
35 A 1
35 N 87
36 C 1
36 N 177
37 N 275
38 G 1
38 N 1358
39 T 1
39 N 97
40 A 1
40 G 1
40 N 194
41 A 2
41 N 257
42 C 1
42 N 151
43 G 1
43 N 217
44 N 129
45 T 1
45 N 186
46 A 1
46 N 166
47 T 1
47 N 157
48 N 355
49 A 2
49 G 1
49 N 239
50 C 1
50 N 103
51 G 1
51 N 194
52 C 1
52 N 298
53 T 1
53 N 138
54 N 254
55 G 1
55 N 292
56 T 1
56 N 254
57 C 1
57 N 86
58 T 1
58 N 474
59 G 2
59 N 365
60 T 1
60 N 104
61 C 1
61 N 147
62 G 1
62 T 1
62 N 261
63 C 1
63 N 342
64 N 69
65 G 1
65 N 115
66 A 1
66 T 1
66 N 271
67 G 1
67 T 1
67 N 1808
68 A 1
68 N 140
69 N 107
70 N 682
71 A 1
71 T 1
71 N 312
72 C 1
72 N 131
73 T 1
73 N 191
74 A 1
74 C 1
74 N 941
75 A 2
75 T 1
75 N 181
76 C 1
76 N 141
77 A 1
77 N 64
78 G 1
78 N 312
79 A 1
79 N 155
80 A 1
80 T 1
80 N 144
81 N 132
82 N 228
83 N 103
84 N 804
85 N 132
86 N 203
87 N 132
88 N 1040
89 N 60
90 A 2
90 N 410
0 -5 1
0 -2 1
0 -1 2
2 -1 1
3 1 1
4 -3 1
4 -1 4
5 -2 1
5 -1 4
7 -2 1
7 -1 2
7 1 1
9 -3 1
9 -1 2
10 -3 1
10 -2 1
11 -3 1
11 -1 1
13 -16 1
13 -1 2
15 -15 1
17 -2 1
18 -10 1
19 -5 1
20 -1 2
21 -7 1
21 -2 1
21 -1 1
22 -5 1
22 -1 2
24 -4 1
25 -2 1
25 -1 8
26 -2 3
26 -1 1
30 -1 2
34 -3 1
34 -2 2
34 -1 10
35 -4 1
35 -2 1
35 -1 2
37 -2 2
37 -1 3
38 -3 1
39 -6 1
40 -4 1
42 -1 1
42 1 1
45 -2 1
46 -1 2
48 -4 1
48 -1 2
49 -6 1
51 -1 1
52 -1 1
52 1 1
54 -3 1
54 -1 1
55 -1 1
59 -8 1
60 1 1
61 -1 1
62 -1 1
65 -3 1
65 -1 1
66 -5 1
67 -3 1
67 -1 1
68 -5 1
69 -6 1
70 -11 1
70 -1 1
71 -2 1
71 -1 1
73 -3 1
73 -2 3
73 -1 4
74 -6 1
74 -3 1
74 -2 1
74 -1 3
75 -8 1
75 -4 1
75 -3 1
76 -1 1
77 -1 3
78 -1 3
79 -1 2
80 -7 1
80 -4 3
81 -3 1
82 -2 1
82 -1 3
83 -2 3
83 -1 4
86 -3 1
86 -1 4
88 -1 2
90 -1 6
