ROI: mrcA
Phase: 0
Total nodes checked: 32028
Total variants found: 6602
0 N 243
1 N 407
2 N 26
3 G 1
3 N 38
4 N 27
5 T 1
5 N 15
6 N 30
7 T 1
7 N 24
8 N 38
9 A 1
9 N 11
10 N 25
11 N 43
12 N 28
13 N 14
14 N 14
15 N 16
16 N 887
17 N 43
18 N 32
19 N 31
20 N 24
21 N 34
22 N 31
23 A 1
23 N 83
24 N 223
25 N 34
26 N 43
27 A 1
27 N 7
28 A 2
28 N 74
29 N 30
30 N 16
31 N 31
32 N 81
33 N 53
34 N 38
35 N 45
36 N 77
37 N 34
38 N 112
39 N 58
40 N 29
41 A 2
41 N 52
42 N 7
43 N 497
44 N 24
45 N 24
46 N 31
47 N 22
48 N 46
49 N 44
50 A 2
50 N 50
51 A 1
51 N 129
52 N 25
53 N 20
54 N 30
55 N 261
56 N 30
57 N 40
58 N 41
59 N 208
60 N 21
61 N 16
62 N 27
63 N 20
64 N 28
65 N 32
66 N 25
67 N 34
68 N 35
69 N 36
70 N 80
71 A 1
71 N 37
72 N 265
73 N 48
74 N 23
75 N 51
76 N 47
77 N 340
78 N 38
79 N 27
80 N 54
81 N 72
82 N 83
83 N 10
84 N 116
85 N 23
86 N 48
87 N 31
88 N 35
89 N 19
90 N 97
2 1 1
5 -1 2
9 -4 1
11 -1 1
13 -1 1
15 -1 1
16 -5 1
17 -2 1
20 -1 1
21 -1 1
25 -1 3
26 -1 2
31 1 1
34 -1 1
37 -5 1
37 -4 1
38 -1 1
44 -2 1
46 -1 1
48 -1 1
59 -1 1
61 -1 1
62 -1 1
66 1 1
74 -5 1
74 -1 2
82 -1 1
83 -1 1
86 -1 1
87 1 1
88 -1 3
90 -1 2
