ROI: mrcA
Phase: 0
Total nodes checked: 59742
Total variants found: 10013
0 N 350
1 N 605
2 A 1
2 N 35
3 G 1
3 N 49
4 N 42
5 T 2
5 N 23
6 N 42
7 A 1
7 T 1
7 N 41
8 N 51
9 A 1
9 N 16
10 A 1
10 N 48
11 N 54
12 N 45
13 N 26
14 N 19
15 N 24
16 G 1
16 N 1393
17 N 70
18 N 47
19 A 1
19 N 45
20 N 35
21 N 50
22 N 44
23 A 1
23 N 113
24 N 354
25 N 47
26 N 67
27 A 2
27 N 16
28 A 3
28 N 105
29 N 41
30 N 20
31 N 46
32 N 127
33 N 73
34 N 53
35 A 2
35 N 68
36 N 121
37 N 50
38 N 168
39 N 88
40 N 45
41 A 5
41 N 82
42 N 12
43 N 762
44 N 41
45 N 32
46 N 48
47 N 36
48 N 72
49 A 2
49 N 70
50 A 2
50 N 87
51 A 1
51 N 181
52 N 39
53 N 29
54 N 43
55 N 385
56 A 1
56 N 47
57 N 67
58 N 71
59 N 325
60 N 27
61 N 19
62 N 45
63 N 33
64 N 42
65 N 52
66 N 38
67 N 56
68 N 48
69 N 58
70 N 116
71 A 1
71 N 54
72 N 403
73 N 78
74 N 32
75 A 1
75 N 75
76 N 70
77 N 518
78 N 50
79 N 46
80 A 3
80 N 75
81 N 100
82 N 122
83 N 13
84 N 159
85 N 32
86 N 69
87 N 47
88 N 50
89 N 27
90 A 4
90 T 1
90 N 150
0 -1 3
0 1 1
1 -2 1
2 1 1
4 -1 2
5 -1 5
7 2 1
9 -4 1
10 -5 1
11 -1 1
12 -5 1
13 -1 1
15 -2 1
15 -1 1
16 -5 1
17 -2 1
20 -1 1
21 -1 1
22 -5 1
25 -4 1
25 -1 5
26 -1 3
31 1 1
34 -2 1
34 -1 1
35 -2 1
35 -1 1
37 -5 1
37 -4 1
37 -2 1
38 -1 1
39 1 1
40 1 1
44 -2 1
45 1 1
46 -1 1
48 -1 1
49 -3 1
59 -1 1
61 -1 2
62 -1 1
66 1 1
70 -1 2
71 1 1
73 -1 4
74 -5 1
74 -1 3
79 -1 2
82 -1 2
83 -1 1
86 -1 1
87 1 2
88 -1 5
90 -1 4
91 1 1
