ROI: mrcA
Phase: 2
Total nodes checked: 1532331
Total variants found: 467452
0 A 4
0 T 12
0 N 1864
1 C 1
1 G 1
1 N 10058
2 A 6
2 C 2
2 T 2
2 N 3819
3 G 4
3 N 970
4 C 2
4 G 1
4 N 10794
5 A 18
5 G 1
5 T 13
5 N 2117
6 C 5
6 N 4645
7 A 22
7 G 4
7 T 9
7 N 996
8 A 2
8 C 4
8 N 1572
9 A 2
9 C 7
9 N 3024
10 A 18
10 G 9
10 T 6
10 N 3139
11 A 2
11 C 11
11 T 3
11 N 1601
12 A 1
12 G 5
12 T 8
12 N 1281
13 C 5
13 G 4
13 N 25703
14 A 2
14 C 4
14 T 5
14 N 1460
15 A 1
15 C 3
15 T 4
15 N 3113
16 G 10
16 N 6085
17 A 2
17 C 1
17 T 10
17 N 2658
18 C 5
18 G 5
18 N 2613
19 A 5
19 G 5
19 T 8
19 N 1897
20 A 8
20 C 10
20 N 8737
21 G 8
21 T 6
21 N 2864
22 A 8
22 C 5
22 N 1798
23 A 19
23 G 1
23 T 10
23 N 1591
24 C 7
24 N 1094
25 T 4
25 N 1877
26 A 7
26 C 4
26 N 5057
27 A 34
27 T 9
27 N 1053
28 A 35
28 G 4
28 T 4
28 N 2703
29 A 3
29 C 13
29 N 1904
30 A 9
30 G 8
30 T 4
30 N 3121
31 C 8
31 T 1
31 N 1345
32 G 1
32 N 1497
33 G 1
33 N 1770
34 C 4
34 G 1
34 N 5363
35 A 21
35 G 3
35 T 4
35 N 1016
36 A 4
36 C 6
36 N 1962
37 A 1
37 T 4
37 N 4251
38 G 9
38 N 7924
39 A 1
39 C 4
39 T 5
39 N 1787
40 A 18
40 G 5
40 T 4
40 N 1118
41 A 24
41 G 4
41 T 4
41 N 4636
42 A 6
42 C 5
42 T 5
42 N 1049
43 G 5
43 N 3901
44 A 4
44 N 1448
45 T 9
45 N 1744
46 A 5
46 G 5
46 N 1887
47 A 1
47 T 5
47 N 1134
48 A 2
48 C 6
48 T 2
48 N 2576
49 A 36
49 G 9
49 T 4
49 N 3902
50 A 1
50 C 9
50 N 1007
51 A 12
51 G 5
51 T 6
51 N 2931
52 C 5
52 G 4
52 N 52353
53 T 5
53 N 2816
54 A 2
54 T 4
54 N 1737
55 C 3
55 G 5
55 N 3760
56 A 21
56 G 3
56 T 5
56 N 1874
57 A 2
57 C 5
57 T 1
57 N 1630
58 A 1
58 T 3
58 N 760
59 G 8
59 N 84019
60 T 7
60 N 886
61 C 2
61 T 1
61 N 1184
62 A 1
62 G 5
62 T 3
62 N 3746
63 A 1
63 C 6
63 N 2315
64 N 1447
65 G 3
65 N 1149
66 A 3
66 T 6
66 N 10942
67 G 6
67 T 2
67 N 5902
68 A 6
68 C 1
68 N 3299
69 N 1195
70 C 1
70 G 1
70 N 2010
71 A 17
71 T 6
71 N 59887
72 C 6
72 N 3108
73 G 1
73 T 1
73 N 2239
74 A 7
74 N 3570
75 A 20
75 T 5
75 N 2127
76 C 5
76 G 1
76 N 1497
77 A 8
77 N 931
78 G 6
78 N 2677
79 A 7
79 C 1
79 N 2675
80 A 16
80 G 4
80 N 5898
81 C 4
81 N 1633
82 G 1
82 N 2966
83 A 5
83 T 1
83 N 864
84 G 4
84 N 5859
85 N 1689
86 N 1655
87 C 1
87 T 4
87 N 1077
88 G 2
88 N 2558
89 A 17
89 T 1
89 N 681
90 A 35
90 G 1
90 T 3
90 N 1859
0 -30 3
0 -6 1
0 -5 2
0 -3 4
0 -2 11
0 -1 47
0 1 1
1 -7 1
1 -4 1
1 -2 3
1 -1 17
1 1 1
2 -4 1
2 -2 4
2 -1 13
2 1 2
3 -4 1
3 -3 1
3 -2 3
4 -4 2
4 -3 1
4 -2 6
4 -1 49
5 -4 1
5 -3 8
5 -2 13
5 -1 58
5 1 4
6 -6 1
6 -5 1
6 -3 1
6 -2 8
6 -1 10
6 1 1
7 -10 1
7 -4 1
7 -2 2
7 -1 12
7 1 1
8 -3 1
8 -2 1
8 -1 2
8 1 4
9 -7 1
9 -6 1
9 -3 2
9 -2 8
9 -1 21
10 -8 1
10 -7 1
10 -6 1
10 -5 1
10 -3 2
10 -2 4
10 -1 19
10 1 1
11 -5 1
11 -3 1
11 -2 7
11 -1 11
11 1 6
12 -8 1
12 -4 4
12 -3 2
12 -2 1
12 -1 14
13 -4 1
13 -2 2
13 -1 6
13 1 4
14 -8 2
14 -6 1
14 -2 1
14 -1 1
15 -8 1
15 -6 2
15 -4 3
15 -3 3
15 -2 4
15 -1 13
15 2 1
16 -15 1
16 -5 1
16 -4 3
16 -2 2
16 -1 12
16 2 1
17 -6 1
17 -4 2
17 -2 10
17 -1 11
17 1 2
18 -11 1
18 -7 1
18 -2 3
18 -1 17
18 1 1
19 -9 1
19 -3 1
19 -1 10
19 1 4
20 -4 3
20 -3 1
20 -2 2
20 -1 6
20 1 1
21 -7 1
21 -6 1
21 -5 1
21 -3 1
21 -2 1
21 -1 15
21 1 1
22 -6 1
22 -5 2
22 -3 1
22 -2 13
22 -1 51
22 1 1
23 -3 1
23 -2 3
23 -1 7
23 1 3
24 -5 1
24 -4 3
24 -2 2
24 1 2
25 -10 1
25 -5 2
25 -4 1
25 -3 2
25 -2 14
25 -1 58
25 3 1
26 -7 2
26 -6 2
26 -5 1
26 -3 3
26 -2 13
26 -1 80
26 1 1
27 -6 1
27 -4 1
27 -2 1
27 1 3
28 -6 1
28 -4 2
28 -3 1
28 -2 2
28 -1 11
29 -3 2
29 -2 3
29 -1 7
29 1 2
30 -7 1
30 -4 3
30 -3 2
30 -2 7
30 -1 11
31 -4 1
32 -10 1
32 -3 3
33 -5 1
33 -4 1
33 -3 1
33 -2 4
34 -7 2
34 -5 2
34 -4 1
34 -3 6
34 -2 21
34 -1 111
35 -9 1
35 -7 1
35 -4 3
35 -3 2
35 -2 10
35 -1 33
35 1 4
36 -3 1
36 1 1
37 -6 1
37 -4 2
37 -3 3
37 -2 2
37 -1 35
38 -7 1
38 -5 1
38 -4 1
38 -3 4
38 -2 3
38 -1 8
38 1 2
39 -5 3
39 -4 2
39 -3 1
39 -2 1
39 -1 5
40 -8 1
40 -5 2
40 -2 2
40 1 2
41 -6 1
41 -3 1
41 -2 3
41 -1 12
42 -3 1
42 -1 5
42 1 4
43 -6 1
43 -5 1
43 -2 1
44 -13 1
44 -7 2
44 -3 2
44 -2 1
44 -1 23
45 -7 1
45 -5 1
45 -4 1
45 -3 1
45 -2 3
45 -1 7
45 1 3
46 -10 1
46 -8 1
46 -7 1
46 -4 1
46 -3 4
46 -2 7
46 -1 34
47 -5 1
47 -4 1
47 -2 1
47 1 1
48 -7 1
48 -4 2
48 -3 2
48 -2 2
48 -1 19
49 -6 4
49 -5 2
49 -4 2
49 -3 2
49 -2 1
49 -1 6
50 -2 5
50 -1 5
50 1 3
51 -4 1
51 -2 1
51 -1 11
52 -5 1
52 -1 1
52 1 2
53 -4 1
53 -2 1
54 -4 1
54 -2 5
54 -1 19
55 -7 1
55 -6 1
55 -5 2
55 -3 1
55 -2 3
55 -1 8
55 1 1
56 -8 1
56 -5 2
56 -4 1
56 -1 9
56 1 1
57 -2 2
57 1 1
58 -6 1
58 -2 5
58 -1 22
59 -3 1
59 -2 2
59 -1 9
60 -4 3
60 -3 1
60 1 2
61 -4 2
61 -3 4
61 -2 7
61 -1 23
62 -8 1
62 -7 1
62 -6 1
62 -5 1
62 -4 1
62 -3 1
62 -2 4
62 -1 9
62 1 4
63 1 1
64 -2 1
65 -2 1
65 -1 21
66 -5 2
66 -4 1
66 -3 2
66 -1 11
67 -4 2
67 -3 1
67 -2 7
67 -1 16
67 1 2
68 -5 1
68 -3 1
68 1 1
69 -4 3
69 -3 1
69 -2 5
70 -6 1
70 -5 1
70 -3 2
70 -2 6
70 -1 33
71 -3 1
71 -2 1
71 -1 8
71 1 3
72 -5 1
72 1 3
73 -6 1
73 -4 7
73 -2 9
73 -1 62
74 -4 1
74 -3 4
74 -2 8
74 -1 64
74 1 3
75 -12 1
75 -8 2
75 -3 1
75 -2 3
75 -1 6
75 1 1
76 -2 1
76 -1 4
76 1 2
77 -12 1
77 -4 1
77 -3 1
77 -1 41
78 -6 1
78 -2 3
78 -1 14
79 -6 1
79 -5 3
79 -3 3
79 -2 5
79 -1 50
79 1 1
80 -7 2
80 -5 2
80 -4 7
80 -3 4
80 -2 5
80 -1 16
81 -2 3
82 -3 2
82 -2 4
82 -1 58
83 -6 1
83 -5 2
83 -3 1
83 -2 5
83 -1 68
83 1 2
84 -5 1
84 -3 3
84 1 1
85 -4 1
86 -5 2
86 -4 2
86 -3 1
86 -2 1
86 -1 34
87 -4 1
87 -3 2
87 1 2
88 -3 1
88 -2 4
88 -1 98
89 -2 1
89 1 3
90 -1 75
91 1 2
